---CONTOUR-LINE---
-439.000000 -222.000000 
-452.000000 -228.000000 
-472.000000 -229.000000 
-484.000000 -228.000000 
-507.000000 -216.000000 
-536.000000 -190.000000 
-559.000000 -148.000000 
-564.000000 -92.000000 
-547.000000 -30.000000 
-527.000000 4.000000 
-428.000000 92.000000 
-372.000000 108.000000 
-313.000000 108.000000 
-290.000000 104.000000 
-215.000000 75.000000 
-177.000000 44.000000 
-153.000000 14.000000 
-142.000000 -24.000000 
-141.000000 -57.000000 
-148.000000 -87.000000 
-158.000000 -111.000000 
-172.000000 -134.000000 
-180.000000 -142.000000 
---CONTOUR-LINE---
342.000000 -81.000000 
329.000000 -82.000000 
317.000000 -81.000000 
302.000000 -75.000000 
289.000000 -65.000000 
267.000000 -38.000000 
249.000000 1.000000 
243.000000 47.000000 
258.000000 95.000000 
295.000000 139.000000 
346.000000 170.000000 
400.000000 184.000000 
426.000000 185.000000 
509.000000 177.000000 
560.000000 161.000000 
583.000000 151.000000 
633.000000 116.000000 
647.000000 91.000000 
653.000000 57.000000 
642.000000 5.000000 
633.000000 -13.000000 
596.000000 -63.000000 
582.000000 -75.000000 
546.000000 -97.000000 
524.000000 -102.000000 
---CONTOUR-LINE---
104.000000 -323.000000 
94.000000 -321.000000 
80.000000 -315.000000 
67.000000 -309.000000 
56.000000 -301.000000 
44.000000 -290.000000 
24.000000 -261.000000 
18.000000 -224.000000 
25.000000 -187.000000 
49.000000 -150.000000 
82.000000 -124.000000 
117.000000 -111.000000 
154.000000 -109.000000 
212.000000 -126.000000 
254.000000 -146.000000 
272.000000 -158.000000 
301.000000 -187.000000 
305.000000 -207.000000 
304.000000 -221.000000 
285.000000 -257.000000 
274.000000 -269.000000 
250.000000 -292.000000 
230.000000 -302.000000 
---CONTOUR-LINE---
-802.000000 186.000000 
-808.000000 200.000000 
-811.000000 210.000000 
-815.000000 226.000000 
-815.000000 261.000000 
-805.000000 300.000000 
-784.000000 344.000000 
-757.000000 381.000000 
-723.000000 410.000000 
-685.000000 429.000000 
-648.000000 436.000000 
-612.000000 435.000000 
-580.000000 426.000000 
-546.000000 402.000000 
-535.000000 375.000000 
-533.000000 341.000000 
-539.000000 311.000000 
-546.000000 292.000000 
-575.000000 241.000000 
-598.000000 211.000000 
-624.000000 184.000000 
-651.000000 166.000000 
-670.000000 157.000000 
-688.000000 154.000000 
-710.000000 158.000000 
---CONTOUR-LINE---
-228.000000 248.000000 
-238.000000 243.000000 
-242.000000 233.000000 
-226.000000 211.000000 
-216.000000 205.000000 
-168.000000 199.000000 
-124.000000 209.000000 
-102.000000 217.000000 
-15.000000 267.000000 
7.000000 285.000000 
64.000000 334.000000 
101.000000 361.000000 
140.000000 380.000000 
176.000000 391.000000 
192.000000 392.000000 
243.000000 383.000000 
255.000000 375.000000 
276.000000 340.000000 
277.000000 325.000000 
254.000000 268.000000 
242.000000 251.000000 
164.000000 183.000000 
125.000000 164.000000 
93.000000 157.000000 
73.000000 156.000000 
83.000000 153.000000 
96.000000 141.000000 
101.000000 132.000000 
106.000000 93.000000 
103.000000 69.000000 
89.000000 44.000000 
73.000000 30.000000 
58.000000 24.000000 
43.000000 22.000000 
26.000000 26.000000 
3.000000 36.000000 
-18.000000 50.000000 
-32.000000 66.000000 
-35.000000 86.000000 
-32.000000 105.000000 
-31.000000 119.000000 
-34.000000 129.000000 
-58.000000 131.000000 
-68.000000 131.000000 
-106.000000 137.000000 
-119.000000 141.000000 
-155.000000 150.000000 
-165.000000 152.000000 
-186.000000 155.000000 
-198.000000 155.000000 
-216.000000 159.000000 
-228.000000 162.000000 
-242.000000 166.000000 
-260.000000 173.000000 
-272.000000 177.000000 
-286.000000 187.000000 
-291.000000 196.000000 
-293.000000 207.000000 
-295.000000 224.000000 
-285.000000 235.000000 
-273.000000 241.000000 
-264.000000 247.000000 
---CONTOUR-LINE---
