CONTOUR-LINE z=0.200000 
-18.899897 -3.180396 
-18.873827 -2.867570 
-18.821690 -2.424400 
-18.717415 -1.929093 
-18.665276 -1.511992 
-18.665276 -1.068822 
-18.613138 -0.703858 
-18.534933 -0.260688 
-18.404589 0.208551 
-18.274244 0.599583 
-18.169970 0.990615 
-18.039625 1.303441 
-17.883211 1.668405 
-17.700729 1.981230 
-17.544317 2.294056 
-17.387903 2.528676 
-17.257561 2.763295 
-17.075079 2.997915 
-16.892597 3.258603 
-16.657976 3.545360 
-16.475494 3.806048 
-16.293013 4.066736 
-16.084463 4.353493 
-15.901981 4.588112 
-15.693431 4.796663 
-15.484880 4.979145 
-15.224192 5.135558 
-14.963504 5.265902 
-14.702815 5.448384 
-14.468196 5.630866 
-14.155370 5.813347 
-13.868613 5.995829 
-13.555787 6.230448 
-13.295099 6.438999 
-13.086549 6.647550 
-12.825860 6.882169 
-12.591241 7.038582 
-12.356622 7.221064 
-12.122002 7.403545 
-11.913451 7.586027 
-11.600626 7.794578 
-11.313869 7.977059 
-11.001042 8.133472 
-10.714286 8.315954 
-10.427528 8.472367 
-10.114703 8.550573 
-9.854014 8.654849 
-9.541189 8.733055 
-9.202294 8.837331 
-8.863400 8.941606 
-8.524505 9.045881 
-8.237747 9.098019 
-7.977059 9.202294 
-7.716371 9.228363 
-7.377477 9.306569 
-7.090720 9.358706 
-6.751825 9.489051 
-6.465068 9.541188 
-6.152242 9.671533 
-5.813347 9.775808 
-5.474452 9.880083 
-5.213764 9.958290 
-4.822732 10.062565 
-4.405631 10.166841 
-3.962461 10.297185 
-3.519291 10.427528 
-3.102190 10.557873 
-2.632951 10.688217 
-2.163712 10.818561 
-1.876955 10.896768 
-1.485923 11.001042 
-1.225235 11.079249 
-0.964546 11.105318 
-0.521376 11.157455 
-0.026069 11.235662 
0.443170 11.287800 
0.755996 11.339937 
1.199166 11.418144 
1.642336 11.496350 
2.033368 11.522419 
2.346194 11.574556 
2.711158 11.574556 
3.050052 11.574556 
3.362878 11.574556 
3.675704 11.574556 
4.014598 11.574556 
4.405631 11.574556 
4.796663 11.574556 
5.109489 11.574556 
5.422315 11.574556 
5.787279 11.574556 
6.126173 11.574556 
6.517205 11.574556 
6.882169 11.574556 
7.325339 11.574556 
7.742440 11.574556 
8.107404 11.574556 
8.524505 11.496350 
8.915537 11.470282 
9.254432 11.470282 
9.593327 11.470282 
9.906152 11.392075 
10.297185 11.339937 
10.636079 11.313869 
10.896768 11.235662 
11.261731 11.131387 
11.704901 11.001042 
12.043796 10.974974 
12.356622 10.948905 
12.695517 10.870699 
13.086549 10.818561 
13.347237 10.792492 
13.660063 10.740355 
13.972888 10.688217 
14.311783 10.662148 
14.676746 10.662148 
14.963504 10.610010 
15.354536 10.479666 
15.667362 10.349322 
16.032326 10.218978 
16.475494 10.062565 
16.866528 9.958290 
17.283628 9.827946 
17.648592 9.697601 
18.013556 9.515120 
18.430656 9.202294 
18.665276 8.967674 
18.899897 8.811261 
19.186653 8.628780 
19.655891 8.315954 
19.942648 8.107404 
20.203337 7.898853 
20.437956 7.612096 
20.646507 7.247132 
20.828989 6.856100 
20.985401 6.438999 
21.115746 6.152242 
21.246090 5.839416 
21.350365 5.526590 
21.428572 5.187696 
21.454639 4.927007 
21.480709 4.640250 
21.480709 4.327425 
21.558916 4.014598 
21.611053 3.623566 
21.663191 3.232534 
21.715328 2.815433 
21.793535 2.424400 
21.871742 1.981230 
22.002085 1.511992 
22.080292 1.251303 
22.158499 0.860271 
22.288843 0.391032 
22.445255 -0.078206 
22.523462 -0.338895 
22.627737 -0.729927 
22.705944 -1.120959 
22.784151 -1.511992 
22.862356 -1.772680 
22.966633 -2.163712 
23.123045 -2.632951 
23.201252 -2.919708 
23.253389 -3.180396 
23.331594 -3.649635 
23.383734 -3.936392 
23.435871 -4.275287 
23.488008 -4.588112 
23.540146 -4.953076 
23.618353 -5.396246 
23.618353 -5.735141 
23.618353 -5.995829 
23.618353 -6.360793 
23.618353 -6.673618 
23.618353 -6.934307 
23.618353 -7.194995 
23.592283 -7.586027 
23.540146 -7.872784 
23.435871 -8.133472 
23.279457 -8.420229 
23.149115 -8.706986 
23.018770 -8.993743 
22.888426 -9.358706 
22.705944 -9.671533 
22.549530 -9.958290 
22.367048 -10.192909 
22.236706 -10.427528 
22.080292 -10.662148 
21.897810 -10.870699 
21.715328 -11.105318 
21.454639 -11.235662 
21.167883 -11.366006 
20.881126 -11.444213 
20.542231 -11.522419 
20.255474 -11.574556 
19.942648 -11.600626 
19.577684 -11.678832 
19.212721 -11.704901 
18.899897 -11.783108 
18.561001 -11.809176 
18.222107 -11.809176 
17.805006 -11.809176 
17.440042 -11.887383 
16.970802 -11.991658 
16.605839 -12.043796 
16.319082 -12.095933 
16.006256 -12.095933 
15.641293 -12.174140 
15.302399 -12.200209 
14.911366 -12.278415 
14.546403 -12.330552 
14.207508 -12.356622 
13.868613 -12.434828 
13.529718 -12.460896 
13.112617 -12.539104 
12.721585 -12.591241 
12.460896 -12.591241 
12.043796 -12.591241 
11.652763 -12.617310 
11.261731 -12.617310 
10.870699 -12.617310 
10.453597 -12.617310 
9.906152 -12.617310 
9.619395 -12.617310 
9.306569 -12.617310 
8.967674 -12.617310 
8.654849 -12.617310 
8.342023 -12.617310 
7.977059 -12.617310 
7.638165 -12.617310 
7.247132 -12.617310 
6.908238 -12.617310 
6.517205 -12.617310 
6.152242 -12.617310 
5.761209 -12.617310 
5.344109 -12.617310 
4.927007 -12.617310 
4.535975 -12.617310 
4.118874 -12.617310 
3.675704 -12.617310 
3.362878 -12.617310 
3.023983 -12.617310 
2.685089 -12.617310 
2.346194 -12.617310 
2.007299 -12.617310 
1.642336 -12.565172 
1.355579 -12.539104 
0.990615 -12.513034 
0.677789 -12.460896 
0.338895 -12.382690 
0.000000 -12.356622 
-0.312826 -12.356622 
-0.573514 -12.356622 
-0.886340 -12.356622 
-1.173097 -12.356622 
-1.485923 -12.330552 
-1.798749 -12.278415 
-2.111575 -12.226277 
-2.398332 -12.174140 
-2.711158 -12.122002 
-2.997915 -12.095933 
-3.284672 -12.069864 
-3.545360 -12.017727 
-3.806048 -11.965590 
-4.118874 -11.939520 
-4.405631 -11.913451 
-4.953076 -11.809176 
-5.265902 -11.783108 
-5.604797 -11.704901 
-5.865485 -11.678832 
-6.178311 -11.652763 
-6.465068 -11.626695 
-6.751825 -11.522419 
-7.038582 -11.496350 
-7.299270 -11.496350 
-7.586027 -11.418144 
-7.872784 -11.392075 
-8.342023 -11.339937 
-8.863400 -11.261731 
-9.150156 -11.235662 
-9.671533 -11.131387 
-10.166841 -11.079249 
-10.583941 -11.001042 
-10.844630 -10.974974 
-11.261731 -10.948905 
-11.652763 -10.948905 
-11.913451 -10.922836 
-12.174140 -10.922836 
-12.460896 -10.922836 
-12.799791 -10.922836 
-13.060480 -10.922836 
-13.451512 -10.870699 
-13.920751 -10.870699 
-14.311783 -10.870699 
-14.572472 -10.870699 
-14.911366 -10.844629 
-15.224192 -10.740355 
-15.510949 -10.714286 
-15.901981 -10.688217 
-16.266945 -10.610010 
-16.553701 -10.557873 
-16.840458 -10.505735 
-17.101147 -10.427528 
-17.413973 -10.323254 
-17.857143 -10.192909 
-18.222107 -10.088634 
-18.561001 -10.036496 
-18.847757 -9.932221 
-19.186653 -9.801877 
-19.447342 -9.671533 
-19.786236 -9.567258 
-20.072992 -9.410845 
-20.333681 -9.306569 
-20.568300 -9.071950 
-20.802919 -8.863400 
-21.011471 -8.602711 
-21.220020 -8.394160 
-21.428572 -8.029197 
-21.558916 -7.716371 
-21.689260 -7.325339 
-21.793535 -7.038582 
-21.871742 -6.699687 
-21.923880 -6.386861 
-21.923880 -6.126173 
-21.923880 -5.813347 
-21.845673 -5.474452 
-21.637121 -5.213764 
-21.480709 -4.979145 
-21.246090 -4.796663 
-20.985401 -4.692388 
-20.750782 -4.483837 
-20.464025 -4.379562 
-20.151199 -4.275287 
-19.916580 -4.118874 
-19.655891 -4.014598 
-19.447342 -3.832117 
-19.238791 -3.597497 
CONTOUR-LINE z=0.400000 
-15.302399 -9.775808 
-16.657976 -9.515120 
-16.944735 -9.515120 
-17.283628 -9.515120 
-17.570385 -9.436913 
-17.857143 -9.358706 
-18.117830 -9.280500 
-18.378519 -9.202294 
-18.639208 -9.071950 
-18.899897 -8.941606 
-19.134516 -8.785192 
-19.343065 -8.602711 
-19.525547 -8.342023 
-19.708029 -8.081335 
-19.916580 -7.872784 
-20.046925 -7.638165 
-20.203337 -7.403545 
-20.281544 -7.116788 
-20.359749 -6.830031 
-20.385818 -6.569343 
-20.385818 -6.308655 
-20.255474 -6.021898 
-20.020855 -5.891554 
-19.760166 -5.787278 
-19.316998 -5.735141 
-19.056309 -5.683003 
-18.769552 -5.578728 
-18.430656 -5.474452 
-18.117830 -5.422315 
-17.778936 -5.318039 
-17.361835 -5.187696 
-17.049009 -5.083420 
-16.788321 -4.953076 
-16.527634 -4.822732 
-16.293013 -4.614182 
-16.084463 -4.353493 
-15.980187 -4.066736 
-15.849844 -3.753910 
-15.745568 -3.467153 
-15.693431 -3.154327 
-15.667362 -2.815433 
-15.641293 -2.528676 
-15.589155 -2.241919 
-15.537018 -1.981230 
-15.484880 -1.720542 
-15.380605 -1.459854 
-15.198123 -1.251303 
-15.041710 -1.042753 
-14.833159 -0.808133 
-14.494265 -0.625652 
-14.207508 -0.443170 
-13.842545 -0.260688 
-9.906152 -0.651721 
-9.567258 -0.651721 
-9.202294 -0.703858 
-8.811262 -0.755996 
-8.420229 -0.808133 
-8.107404 -0.886340 
-7.794578 -0.990615 
-7.481752 -1.120959 
-7.090720 -1.329510 
-6.856100 -1.485923 
-6.543274 -1.720542 
-6.360793 -1.929093 
-6.152242 -2.267987 
-6.021898 -2.580813 
-5.787279 -3.050052 
-5.656934 -3.519291 
-5.500521 -3.962461 
-5.370177 -4.327425 
-5.344109 -4.588112 
-5.265902 -4.900939 
-5.187696 -5.265902 
-5.135558 -5.683003 
-5.057352 -5.995829 
-4.979145 -6.308655 
-4.953076 -6.595412 
-4.953076 -6.882169 
-4.953076 -7.194995 
-4.953076 -7.481752 
-5.109489 -7.716371 
-5.318039 -7.924922 
-5.552659 -8.055265 
-5.839416 -8.159541 
-6.100104 -8.289886 
-6.360793 -8.368092 
-6.699687 -8.472367 
-7.064651 -8.550573 
-7.351408 -8.654849 
-7.612096 -8.733055 
-7.872784 -8.811261 
-8.159541 -8.915537 
-8.420229 -8.993743 
-8.733055 -9.098019 
-9.019813 -9.150156 
-9.280500 -9.228363 
-9.567258 -9.306569 
-9.854014 -9.358706 
-10.114703 -9.436913 
-10.401460 -9.515120 
-10.662148 -9.593327 
-10.974974 -9.593327 
-11.261731 -9.671533 
-11.548488 -9.697601 
-11.835245 -9.801877 
-12.122002 -9.906152 
-12.356622 -10.062565 
-12.617310 -10.166841 
-12.904067 -10.218978 
-13.190824 -10.218978 
-13.451512 -10.245047 
-13.738269 -10.271115 
-13.998958 -10.271115 
-14.285714 -10.192909 
-14.520333 -10.062565 
CONTOUR-LINE z=0.500000 
-1.199166 -7.481752 
-1.147028 -7.768509 
-0.964546 -8.107404 
-0.834202 -8.420229 
-0.703858 -8.654849 
-0.521376 -8.889468 
-0.312826 -9.124087 
-0.156413 -9.358706 
0.026069 -9.567258 
0.312826 -9.801877 
0.573514 -9.958290 
0.808133 -10.114703 
1.173097 -10.297185 
1.433785 -10.401460 
1.694473 -10.453597 
1.955162 -10.531804 
2.215850 -10.583941 
2.502607 -10.610010 
2.919708 -10.610010 
3.441084 -10.610010 
3.858186 -10.610010 
4.353493 -10.610010 
4.796663 -10.453597 
5.239833 -10.349322 
5.709072 -10.245047 
6.152242 -10.192909 
6.569343 -10.062565 
6.882169 -9.958290 
7.142857 -9.827946 
7.429614 -9.671533 
7.742440 -9.489051 
8.029197 -9.306569 
8.342023 -9.098019 
8.576642 -8.915537 
8.889468 -8.680918 
9.124087 -8.524505 
9.410845 -8.315954 
9.697601 -8.107404 
9.958290 -7.924922 
10.245047 -7.638165 
10.427528 -7.351408 
10.610010 -7.142857 
10.740355 -6.908237 
10.922836 -6.673618 
11.053181 -6.438999 
11.235662 -6.230448 
11.418144 -5.969760 
11.574557 -5.735141 
11.730969 -5.500521 
11.991658 -5.239833 
12.174140 -5.005214 
12.330553 -4.744525 
12.513035 -4.509906 
12.721585 -4.197080 
12.930136 -3.936392 
13.164755 -3.597497 
13.321168 -3.362878 
13.451512 -3.076121 
13.607924 -2.815433 
13.816476 -2.580813 
14.025026 -2.320125 
14.207508 -2.111575 
14.442127 -1.929093 
14.676746 -1.694473 
14.911366 -1.485923 
15.119917 -1.277372 
15.354536 -1.042753 
15.510949 -0.808133 
15.771637 -0.521376 
16.032326 -0.234619 
16.266945 0.000000 
16.501564 0.312826 
16.710115 0.677789 
16.892597 0.990615 
17.127216 1.329510 
17.309698 1.694473 
17.440042 2.007299 
17.570385 2.294056 
17.674662 2.554744 
17.857143 2.893639 
17.961418 3.180396 
18.091763 3.441084 
18.196037 3.779979 
18.274244 4.066736 
18.326382 4.327425 
18.352451 4.588112 
18.352451 4.848801 
18.352451 5.109489 
18.352451 5.396246 
18.326382 5.656934 
18.248175 5.917623 
18.117830 6.204380 
17.987488 6.438999 
17.857143 6.673618 
17.700729 6.882169 
17.518248 7.090719 
17.283628 7.325339 
17.101147 7.533889 
16.866528 7.690302 
16.605839 7.820646 
16.345152 7.950991 
16.110531 8.081335 
15.771637 8.263817 
15.458811 8.420229 
15.198123 8.576642 
14.937435 8.706986 
14.650678 8.863400 
14.389990 9.019813 
14.129301 9.124087 
13.842545 9.254432 
13.581856 9.306569 
13.321168 9.384776 
13.060480 9.436913 
12.799791 9.515120 
12.486965 9.541188 
12.200209 9.567258 
11.913451 9.619395 
11.574557 9.671533 
11.287800 9.723670 
11.027112 9.775808 
10.766423 9.827946 
10.479667 9.827946 
10.192909 9.906152 
9.827946 9.906152 
9.462982 9.906152 
9.124087 9.906152 
8.733055 9.906152 
8.315954 9.906152 
8.003128 9.906152 
7.716371 9.906152 
7.377477 9.906152 
7.064651 9.906152 
6.803962 9.906152 
6.517205 9.906152 
6.178311 9.906152 
5.865485 9.906152 
5.578728 9.906152 
5.318039 9.906152 
4.874870 9.906152 
4.562044 9.906152 
4.275287 9.906152 
3.910323 9.906152 
3.571429 9.906152 
3.284672 9.906152 
2.997915 9.906152 
2.711158 9.880083 
2.450469 9.827946 
2.163712 9.775808 
1.824818 9.749740 
1.433785 9.671533 
1.173097 9.645464 
0.860271 9.593327 
0.469239 9.567258 
0.078206 9.489051 
-0.286757 9.436913 
-0.677789 9.436913 
-1.042753 9.410845 
-1.355579 9.410845 
-1.694473 9.358706 
-2.059437 9.306569 
-2.346194 9.280500 
-2.737226 9.202294 
-3.023983 9.150156 
-3.284672 9.124087 
-3.597497 9.071950 
-3.962461 9.045881 
-4.327425 8.967674 
-4.640250 8.915537 
-4.927007 8.889468 
-5.187696 8.811261 
-5.526590 8.733055 
-5.865485 8.602711 
-6.126173 8.576642 
-6.438999 8.498436 
-6.725756 8.420229 
-7.064651 8.315954 
-7.325339 8.237747 
-7.586027 8.185610 
-7.872784 8.081335 
-8.185610 7.977059 
-8.472367 7.872784 
-8.837331 7.742440 
-9.098019 7.664234 
-9.358707 7.559958 
-9.619395 7.455683 
-9.906152 7.351408 
-10.166841 7.273201 
-10.401460 7.142857 
-10.662148 7.038582 
-10.948905 6.934307 
-11.209594 6.751825 
-11.470282 6.621480 
-11.704901 6.465068 
-11.939520 6.308655 
-12.148071 6.152242 
-12.382690 6.021898 
-12.617310 5.813347 
-12.851929 5.630866 
-13.060480 5.474452 
-13.269031 5.291971 
-13.529718 5.135558 
-13.738269 4.953076 
-13.972888 4.770594 
-14.207508 4.588112 
-14.468196 4.405631 
-14.702815 4.275287 
-14.937435 4.118874 
-15.145986 3.936392 
-15.302399 3.727841 
-15.354536 3.441084 
-15.354536 3.154327 
-15.250260 2.867570 
-15.119917 2.606882 
-14.963504 2.346194 
-14.754953 2.137643 
-14.598540 1.929093 
-14.337852 1.694473 
-14.103232 1.459854 
-13.842545 1.329510 
-13.555787 1.251303 
-13.295099 1.173097 
-13.034410 1.147028 
-12.747654 1.094890 
-12.460896 1.094890 
-12.122002 1.094890 
-11.835245 1.068822 
-11.522419 1.068822 
-11.209594 1.068822 
-10.896768 1.068822 
-10.610010 1.068822 
-10.297185 1.068822 
-10.036496 1.068822 
-9.723671 1.068822 
-9.384776 1.016684 
-9.098019 0.964546 
-8.811262 0.886340 
-8.472367 0.808133 
-8.185610 0.677789 
-7.898853 0.521376 
-7.638165 0.391032 
-7.403545 0.234619 
-7.142857 0.104275 
-6.882169 -0.052138 
-6.621481 -0.182482 
-6.412930 -0.364964 
-6.204380 -0.547445 
-5.995829 -0.782065 
-5.839416 -0.990615 
-5.630866 -1.173097 
-5.474452 -1.407716 
-5.318039 -1.616267 
-5.161627 -1.850886 
-4.979145 -2.059437 
-4.848801 -2.346194 
-4.692388 -2.580813 
-4.614182 -2.841501 
-4.457768 -3.154327 
-4.379562 -3.415016 
-4.249218 -3.675704 
-4.171011 -3.936392 
-4.066736 -4.197080 
-3.936392 -4.457768 
-3.832117 -4.718457 
-3.675704 -4.979145 
-3.545360 -5.265902 
-3.467153 -5.526590 
-3.336809 -5.761209 
-3.232534 -6.021898 
-2.346194 -6.438999 
-2.085506 -6.543274 
-1.850886 -6.725756 
-1.642336 -6.934307 
-1.511992 -7.168926 
CONTOUR-LINE z=0.400000 
12.773723 -6.803962 
12.539104 -6.986444 
12.382690 -7.194995 
12.174140 -7.429614 
11.991658 -7.794578 
11.887383 -8.081335 
11.809176 -8.420229 
11.757038 -8.680918 
11.704901 -8.941606 
11.704901 -9.202294 
11.730969 -9.515120 
11.913451 -9.723670 
12.069864 -10.010427 
12.278415 -10.192909 
12.539104 -10.401460 
12.799791 -10.505735 
13.060480 -10.557873 
13.347237 -10.636079 
13.607924 -10.662148 
13.868613 -10.662148 
14.181439 -10.662148 
14.468196 -10.662148 
14.754953 -10.636079 
15.119917 -10.583941 
15.484880 -10.531804 
15.745568 -10.479666 
16.032326 -10.401460 
16.293013 -10.349322 
16.605839 -10.323254 
16.866528 -10.323254 
17.179354 -10.245047 
17.466110 -10.245047 
17.726799 -10.245047 
18.091763 -10.245047 
18.352451 -10.245047 
18.743483 -10.245047 
19.056309 -10.245047 
19.316998 -10.192909 
19.473410 -9.906152 
19.525547 -9.567258 
19.525547 -9.306569 
19.499479 -9.045881 
19.421272 -8.759124 
19.264860 -8.524505 
19.056309 -8.342023 
18.847757 -8.107404 
18.561001 -7.898853 
18.326382 -7.716371 
18.039625 -7.559958 
17.700729 -7.455683 
17.387903 -7.351408 
17.075079 -7.221064 
16.736183 -7.116788 
16.475494 -7.038582 
16.162670 -7.038582 
15.901981 -7.038582 
15.641293 -7.038582 
15.354536 -7.038582 
14.989573 -7.064651 
14.702815 -7.064651 
14.416059 -7.064651 
14.155370 -7.064651 
13.894682 -7.012513 
13.633994 -6.934307 
13.373305 -6.882169 
13.190824 -6.882169 
CONTOUR-LINE z=0.500000 
18.222107 0.547445 
18.065693 0.338895 
17.831074 -0.078206 
17.648592 -0.338895 
17.492180 -0.599583 
17.257561 -0.860271 
17.101147 -1.120959 
16.892597 -1.381648 
16.684046 -1.616267 
16.449427 -1.850886 
16.293013 -2.059437 
16.084463 -2.294056 
16.006256 -2.554744 
16.006256 -2.841501 
16.006256 -3.128258 
16.058393 -3.388947 
16.214808 -3.649635 
16.397289 -3.884254 
16.553701 -4.144943 
16.762253 -4.353493 
16.970802 -4.562044 
17.179354 -4.796663 
17.361835 -5.057352 
17.544317 -5.265902 
17.778936 -5.474452 
17.987488 -5.656934 
18.196037 -5.839416 
18.430656 -5.969760 
18.639208 -6.126173 
18.873827 -6.256517 
19.108446 -6.386861 
19.369135 -6.543274 
19.655891 -6.699687 
19.890511 -6.856100 
20.177267 -6.986444 
20.490093 -7.142857 
20.750782 -7.221064 
21.011471 -7.247132 
21.272158 -7.194995 
21.506779 -7.012513 
21.689260 -6.777894 
21.871742 -6.569343 
22.002085 -6.334723 
22.158499 -6.074035 
22.210636 -5.813347 
22.314911 -5.552659 
22.393118 -5.291971 
22.445255 -5.005214 
22.471325 -4.718457 
22.471325 -4.431700 
22.471325 -4.066736 
22.471325 -3.806048 
22.471325 -3.545360 
22.419188 -3.232534 
22.340981 -2.919708 
22.262774 -2.659020 
22.158499 -2.372263 
22.080292 -2.085506 
21.976017 -1.824818 
21.871742 -1.538060 
21.819603 -1.225235 
21.715328 -0.860271 
21.637121 -0.547445 
21.558916 -0.208551 
21.506779 0.104275 
21.428572 0.417101 
21.376434 0.677789 
21.298227 0.938478 
21.246090 1.251303 
21.167883 1.538060 
21.089676 1.824818 
21.037539 2.111575 
20.933264 2.372263 
20.855057 2.632951 
20.776852 2.893639 
20.646507 3.128258 
20.385818 3.232534 
20.125130 3.154327 
19.890511 3.023983 
19.629824 2.841501 
19.369135 2.659020 
19.134516 2.502607 
18.925964 2.320125 
18.795620 2.059437 
18.665276 1.798749 
18.561001 1.511992 
18.456726 1.251303 
18.404589 0.990615 
CONTOUR-LINE z=0.800000 
0.990615 -9.619395 
0.729927 -9.567258 
0.495308 -9.384776 
0.286757 -9.202294 
0.104275 -8.941606 
-0.052138 -8.680918 
-0.208551 -8.420229 
-0.338895 -8.185610 
-0.469239 -7.950991 
-0.573514 -7.690302 
-0.703858 -7.455683 
-0.808133 -7.194995 
-0.938478 -6.960375 
-1.068822 -6.699687 
-1.199166 -6.438999 
-1.381648 -6.204380 
-1.564129 -5.995829 
-1.746611 -5.787278 
-1.955162 -5.604796 
-2.189781 -5.448384 
-2.424400 -5.239833 
-2.632951 -5.057352 
-2.815433 -4.822732 
-2.997915 -4.588112 
-3.076121 -4.301355 
-3.180396 -4.014598 
-3.336809 -3.701773 
-3.493222 -3.362878 
-3.623566 -3.102190 
-3.753910 -2.867570 
-3.884254 -2.606882 
-4.066736 -2.346194 
-4.197080 -2.111575 
-4.353493 -1.876955 
-4.483837 -1.590198 
-4.640250 -1.329510 
-4.796663 -1.042753 
-4.953076 -0.808133 
-5.109489 -0.573514 
-5.239833 -0.312826 
-5.370177 -0.078206 
-5.526590 0.182482 
-5.683003 0.443170 
-5.891554 0.651721 
-6.074036 0.886340 
-6.256517 1.094890 
-6.491137 1.251303 
-6.751825 1.407716 
-7.038582 1.538060 
-7.325339 1.642336 
-7.586027 1.746611 
-7.846715 1.824818 
-8.107404 1.824818 
-8.446299 1.876955 
-8.706986 1.929093 
-8.993744 1.929093 
-9.306569 1.955162 
-9.619395 1.955162 
-9.906152 1.955162 
-10.218978 1.929093 
-10.505735 1.903024 
-10.792492 1.850886 
-11.053181 1.798749 
-11.313869 1.772680 
-11.600626 1.772680 
-11.887383 1.772680 
-12.148071 1.772680 
-12.434828 1.772680 
-12.695517 1.772680 
-12.956204 1.824818 
-13.242962 1.929093 
-13.503650 1.981230 
-13.764338 2.085506 
-13.998958 2.215850 
-14.207508 2.398332 
-14.363921 2.659020 
-14.520333 2.893639 
-14.624609 3.154327 
-14.650678 3.415016 
-14.650678 3.701773 
-14.494265 3.936392 
-14.259645 4.092805 
-14.051095 4.275287 
-13.816476 4.431700 
-13.607924 4.614182 
-13.347237 4.718457 
-13.086549 4.822732 
-12.851929 4.953076 
-12.591241 5.109489 
-12.356622 5.239833 
-12.095933 5.422315 
-11.835245 5.604796 
-11.600626 5.787278 
-11.366006 5.969760 
-11.131387 6.100104 
-10.896768 6.256517 
-10.662148 6.412930 
-10.401460 6.517205 
-10.166841 6.647550 
-9.906152 6.751825 
-9.645464 6.856100 
-9.358707 6.960375 
-9.071950 7.038582 
-8.811262 7.116788 
-8.498436 7.194995 
-8.185610 7.299270 
-7.924922 7.351408 
-7.664234 7.429614 
-7.377477 7.507821 
-7.116788 7.559958 
-6.856100 7.638165 
-6.543274 7.742440 
-6.256517 7.768509 
-5.995829 7.872784 
-5.735141 7.950991 
-5.448384 8.029197 
-5.187696 8.055265 
-4.927007 8.107404 
-4.562044 8.211679 
-4.301355 8.263817 
-4.040668 8.315954 
-3.779979 8.394160 
-3.519291 8.472367 
-3.258603 8.524505 
-2.997915 8.550573 
-2.737226 8.602711 
-2.424400 8.654849 
-2.163712 8.680918 
-1.876955 8.706986 
-1.616267 8.733055 
-1.329510 8.785192 
-0.990615 8.837331 
-0.651721 8.863400 
-0.364964 8.889468 
-0.078206 8.941606 
0.234619 8.967674 
0.573514 9.045881 
0.860271 9.071950 
1.147028 9.098019 
1.590198 9.098019 
1.981230 9.098019 
2.372263 9.150156 
2.632951 9.176225 
2.945777 9.176225 
3.258603 9.176225 
3.519291 9.176225 
3.779979 9.176225 
4.171011 9.176225 
4.431700 9.176225 
4.900939 9.176225 
5.187696 9.176225 
5.552659 9.176225 
5.865485 9.176225 
6.152242 9.176225 
6.569343 9.176225 
6.986444 9.176225 
7.299270 9.176225 
7.716371 9.176225 
8.029197 9.176225 
8.315954 9.176225 
8.602711 9.176225 
8.889468 9.176225 
9.202294 9.176225 
9.489051 9.176225 
9.906152 9.150156 
10.271115 9.098019 
10.557873 9.019813 
10.870699 8.941606 
11.183524 8.889468 
11.418144 8.759124 
11.652763 8.628780 
12.095933 8.394160 
12.434828 8.342023 
12.773723 8.211679 
13.060480 8.133472 
13.321168 8.055265 
13.633994 8.003128 
13.946819 7.898853 
14.259645 7.820646 
14.494265 7.690302 
14.754953 7.559958 
15.041710 7.455683 
15.589155 7.221064 
15.928050 7.090719 
16.188738 6.986444 
16.397289 6.751825 
16.527634 6.465068 
16.814390 6.126173 
16.970802 5.813347 
17.179354 5.578728 
17.335766 5.344109 
17.466110 5.057352 
17.596455 4.770594 
17.674662 4.483837 
17.674662 4.197080 
17.674662 3.884254 
17.622524 3.597497 
17.413973 3.206465 
17.231491 2.919708 
17.101147 2.685089 
16.944735 2.450469 
16.710115 2.111575 
16.527634 1.903024 
16.345152 1.668405 
16.162670 1.459854 
16.006256 1.225235 
15.823774 0.990615 
15.667362 0.755996 
15.484880 0.547445 
15.302399 0.338895 
15.041710 0.130344 
14.807091 -0.078206 
14.572472 -0.260688 
14.259645 -0.495308 
13.972888 -0.729927 
13.686131 -0.990615 
13.477581 -1.173097 
13.269031 -1.381648 
13.034410 -1.538060 
12.851929 -1.746611 
12.695517 -2.033368 
12.486965 -2.346194 
12.356622 -2.632951 
12.200209 -2.893639 
12.122002 -3.154327 
11.991658 -3.415016 
11.861314 -3.675704 
11.730969 -3.910323 
11.548488 -4.144943 
11.366006 -4.457768 
11.183524 -4.666319 
11.001042 -4.900939 
10.870699 -5.187696 
10.688217 -5.422315 
10.531804 -5.656934 
10.349322 -5.917623 
10.192909 -6.178311 
10.036496 -6.491137 
9.880083 -6.725756 
9.671533 -7.012513 
9.436913 -7.221064 
9.176226 -7.429614 
8.993744 -7.664234 
8.811262 -7.872784 
8.602711 -8.029197 
8.342023 -8.263817 
8.081335 -8.394160 
7.846715 -8.550573 
7.586027 -8.628780 
7.273201 -8.733055 
7.012513 -8.811261 
6.673618 -8.889468 
6.360793 -8.993743 
6.047966 -9.098019 
5.813347 -9.228363 
5.578728 -9.358706 
5.344109 -9.489051 
5.031282 -9.567258 
4.744525 -9.645464 
4.483837 -9.723670 
4.197080 -9.775808 
3.910323 -9.827946 
3.571429 -9.906152 
3.310740 -9.932221 
3.050052 -10.036496 
2.789364 -10.088634 
2.476538 -10.114703 
2.189781 -10.114703 
1.929093 -10.088634 
1.668405 -9.906152 
CONTOUR-LINE z=1.200000 
1.511992 -8.941606 
1.225235 -8.863400 
0.990615 -8.680918 
0.729927 -8.472367 
0.521376 -8.315954 
0.286757 -8.055265 
0.104275 -7.820646 
-0.078206 -7.559958 
-0.260688 -7.325339 
-0.391032 -7.064651 
-0.547445 -6.777894 
-0.677789 -6.465068 
-0.834202 -6.230448 
-0.990615 -5.995829 
-1.147028 -5.787278 
-1.329510 -5.526590 
-1.485923 -5.318039 
-1.694473 -5.135558 
-1.903024 -4.927007 
-2.085506 -4.718457 
-2.294056 -4.483837 
-2.476538 -4.275287 
-2.632951 -4.040668 
-2.763295 -3.779979 
-2.919708 -3.545360 
-3.050052 -3.310740 
-3.180396 -3.050052 
-3.284672 -2.789364 
-3.388947 -2.528676 
-3.545360 -2.241919 
-3.649635 -1.981230 
-3.806048 -1.720542 
-3.936392 -1.407716 
-4.040668 -1.147028 
-4.118874 -0.886340 
-4.275287 -0.547445 
-4.379562 -0.286757 
-4.483837 -0.026069 
-4.640250 0.260688 
-4.796663 0.521376 
-4.953076 0.755996 
-5.161627 0.990615 
-5.344109 1.199166 
-5.578728 1.381648 
-5.787279 1.564129 
-6.021898 1.772680 
-6.256517 1.929093 
-6.517205 2.059437 
-6.777894 2.137643 
-7.038582 2.215850 
-7.351408 2.320125 
-7.638165 2.398332 
-7.924922 2.450469 
-8.263817 2.476538 
-8.524505 2.554744 
-8.785192 2.580813 
-9.071950 2.580813 
-9.358707 2.580813 
-9.671533 2.580813 
-10.010427 2.580813 
-10.297185 2.580813 
-10.688217 2.528676 
-10.948905 2.476538 
-11.209594 2.450469 
-11.548488 2.424400 
-11.861314 2.424400 
-12.200209 2.424400 
-12.486965 2.424400 
-12.773723 2.580813 
-13.008342 2.737226 
-13.216892 2.945777 
-13.269031 3.232534 
-13.242962 3.519291 
-13.112617 3.753910 
-12.721585 4.066736 
-12.513035 4.249218 
-12.252346 4.457768 
-12.069864 4.666319 
-11.965590 4.927007 
-11.757038 5.161627 
-11.548488 5.344109 
-11.287800 5.448384 
-11.027112 5.552659 
-10.766423 5.630866 
-10.505735 5.709072 
-10.245047 5.813347 
-9.932221 6.021898 
-9.462982 6.152242 
-9.150156 6.256517 
-8.863400 6.360793 
-8.602711 6.438999 
-8.289886 6.517205 
-7.977059 6.595412 
-7.690302 6.699687 
-7.351408 6.803962 
-7.090720 6.856100 
-6.751825 6.960375 
-6.438999 7.090719 
-6.021898 7.168926 
-5.709072 7.221064 
-5.344109 7.325339 
-5.057352 7.377477 
-4.796663 7.403545 
-4.483837 7.481752 
-4.223149 7.559958 
-3.910323 7.638165 
-3.467153 7.742440 
-3.206465 7.872784 
-2.763295 7.924922 
-2.502607 7.950991 
-2.241919 8.055265 
-1.955162 8.081335 
-1.694473 8.133472 
-1.433785 8.185610 
-1.147028 8.237747 
-0.860271 8.237747 
-0.573514 8.237747 
-0.312826 8.237747 
0.052138 8.237747 
0.547445 8.237747 
0.834202 8.237747 
1.381648 8.237747 
1.929093 8.237747 
2.215850 8.237747 
2.502607 8.237747 
2.789364 8.237747 
3.102190 8.237747 
3.362878 8.263817 
3.623566 8.315954 
3.910323 8.368092 
4.171011 8.368092 
4.614182 8.472367 
4.900939 8.472367 
5.161627 8.550573 
5.500521 8.602711 
5.787279 8.628780 
6.074036 8.628780 
6.412930 8.654849 
6.856100 8.654849 
7.351408 8.654849 
7.690302 8.654849 
8.081335 8.654849 
8.498436 8.654849 
8.811262 8.602711 
9.254432 8.498436 
9.619395 8.472367 
9.906152 8.394160 
10.192909 8.368092 
10.583941 8.211679 
10.870699 8.107404 
11.105318 7.977059 
11.392076 7.846715 
11.678832 7.716371 
11.991658 7.586027 
12.460896 7.429614 
12.773723 7.351408 
13.034410 7.247132 
13.399374 7.116788 
13.660063 6.986444 
13.920751 6.830031 
14.207508 6.725756 
14.546403 6.543274 
14.911366 6.438999 
15.145986 6.308655 
15.432742 6.126173 
15.667362 5.917623 
15.849844 5.604796 
16.058393 5.370177 
16.188738 5.135558 
16.345152 4.770594 
16.397289 4.509906 
16.501564 4.249218 
16.501564 3.962461 
16.449427 3.623566 
16.293013 3.310740 
16.188738 2.971846 
16.058393 2.711157 
15.901981 2.450469 
15.693431 2.241919 
15.458811 1.981230 
15.224192 1.720542 
15.041710 1.485923 
14.728885 1.173097 
14.520333 0.912409 
14.311783 0.651721 
14.051095 0.338895 
13.894682 0.130344 
13.712200 -0.104275 
13.529718 -0.338895 
13.295099 -0.469239 
13.060480 -0.651721 
12.851929 -0.860271 
12.643378 -1.147028 
12.434828 -1.355579 
12.226277 -1.668405 
12.095933 -1.903024 
11.965590 -2.163712 
11.835245 -2.398332 
11.704901 -2.632951 
11.522419 -2.893639 
11.366006 -3.102190 
11.235662 -3.362878 
11.105318 -3.597497 
10.922836 -3.832117 
10.740355 -4.040668 
10.531804 -4.301355 
10.375391 -4.509906 
10.245047 -4.796663 
10.088634 -5.057352 
9.854014 -5.370177 
9.723671 -5.604796 
9.567258 -5.839416 
9.410845 -6.126173 
9.202294 -6.386861 
9.019813 -6.621480 
8.785192 -6.830031 
8.524505 -7.012513 
8.315954 -7.194995 
8.003128 -7.377477 
7.768509 -7.507821 
7.507821 -7.638165 
7.221064 -7.794578 
6.960375 -7.924922 
6.725756 -8.055265 
6.412930 -8.185610 
6.178311 -8.342023 
5.891554 -8.420229 
5.578728 -8.524505 
5.265902 -8.628780 
5.005214 -8.680918 
4.744525 -8.759124 
4.405631 -8.889468 
4.144943 -9.019813 
3.858186 -9.150156 
3.571429 -9.254432 
3.310740 -9.280500 
3.050052 -9.358706 
2.789364 -9.358706 
2.528676 -9.332638 
2.241919 -9.332638 
CONTOUR-LINE z=1.800000 
2.372263 -8.394160 
2.085506 -8.289886 
1.850886 -8.133472 
1.642336 -7.977059 
1.433785 -7.742440 
1.199166 -7.455683 
1.042753 -7.194995 
0.834202 -6.960375 
0.651721 -6.725756 
0.521376 -6.491137 
0.391032 -6.256517 
0.260688 -5.995829 
0.182482 -5.683003 
0.026069 -5.422315 
-0.130344 -5.161627 
-0.312826 -4.953076 
-0.547445 -4.692388 
-0.755996 -4.509906 
-0.938478 -4.301355 
-1.120959 -4.092805 
-1.329510 -3.910323 
-1.538060 -3.649635 
-1.720542 -3.441084 
-1.929093 -3.232534 
-2.111575 -3.023983 
-2.320125 -2.685089 
-2.450469 -2.450469 
-2.554744 -2.163712 
-2.606882 -1.903024 
-2.632951 -1.642336 
-2.711158 -1.355579 
-2.815433 -1.042753 
-2.867570 -0.782065 
-2.945777 -0.521376 
-3.023983 -0.234619 
-3.102190 0.052138 
-3.128259 0.338895 
-3.128259 0.703858 
-2.997915 1.042753 
-2.867570 1.329510 
-2.737226 1.564129 
-2.632951 1.824818 
-2.424400 2.137643 
-2.137643 2.450469 
-1.824818 2.659020 
-1.590198 2.841501 
-1.329510 3.050052 
-1.094890 3.180396 
-0.808133 3.310740 
-0.495308 3.493222 
-0.286757 3.649635 
-0.052138 3.779979 
0.182482 3.988530 
0.521376 4.249218 
0.703858 4.457768 
0.886340 4.692388 
1.094890 4.953076 
1.355579 5.265902 
1.564129 5.526590 
1.772680 5.891554 
1.929093 6.126173 
2.059437 6.360793 
2.189781 6.595412 
2.346194 6.830031 
2.528676 7.064651 
2.737226 7.273201 
2.997915 7.429614 
3.284672 7.429614 
3.571429 7.429614 
3.832117 7.429614 
4.118874 7.299270 
4.353493 7.116788 
4.614182 6.934307 
4.796663 6.725756 
4.953076 6.491137 
5.135558 6.178311 
5.291971 5.865485 
5.552659 5.500521 
5.683003 5.213764 
5.813347 4.979145 
5.995829 4.588112 
6.178311 4.249218 
6.308655 3.962461 
6.491137 3.623566 
6.647550 3.336809 
6.777894 3.050052 
6.934307 2.789364 
7.090720 2.554744 
7.221064 2.267987 
7.325339 2.007299 
7.429614 1.668405 
7.586027 1.433785 
7.742440 1.173097 
7.846715 0.886340 
7.977059 0.599583 
8.081335 0.312826 
8.185610 0.052138 
8.315954 -0.260688 
8.368092 -0.521376 
8.524505 -0.860271 
8.576642 -1.120959 
8.628780 -1.381648 
8.733055 -1.720542 
8.759124 -2.033368 
8.837331 -2.398332 
8.837331 -2.737226 
8.837331 -2.997915 
8.837331 -3.415016 
8.837331 -3.727841 
8.837331 -3.988530 
8.837331 -4.249218 
8.837331 -4.509906 
8.837331 -4.822732 
8.785192 -5.135558 
8.602711 -5.474452 
8.472367 -5.735141 
8.211679 -6.074035 
7.977059 -6.386861 
7.742440 -6.595412 
7.507821 -6.856100 
7.247132 -7.064651 
6.986444 -7.247132 
6.725756 -7.299270 
6.438999 -7.351408 
6.126173 -7.403545 
5.813347 -7.455683 
5.552659 -7.481752 
5.239833 -7.559958 
4.979145 -7.612096 
4.692388 -7.690302 
4.379562 -7.846715 
4.144943 -8.029197 
3.936392 -8.237747 
3.701773 -8.420229 
3.441084 -8.524505 
3.180396 -8.550573 
CONTOUR-LINE z=1.800000 
10.062565 0.808133 
9.827946 0.938478 
9.541189 1.199166 
9.332638 1.511992 
9.150156 1.746611 
8.967674 1.981230 
8.811262 2.215850 
8.654849 2.450469 
8.498436 2.737226 
8.315954 3.076121 
8.133472 3.362878 
7.977059 3.675704 
7.820646 3.884254 
7.690302 4.171011 
7.481752 4.457768 
7.325339 4.718457 
7.168926 5.005214 
6.960375 5.344109 
6.803962 5.604796 
6.673618 5.917623 
6.517205 6.256517 
6.491137 6.569343 
6.491137 6.882169 
6.465068 7.142857 
6.517205 7.429614 
6.856100 7.507821 
7.194995 7.586027 
7.533889 7.612096 
7.924922 7.612096 
8.263817 7.612096 
8.628780 7.612096 
8.915537 7.612096 
9.254432 7.612096 
9.541189 7.612096 
9.801877 7.559958 
10.088634 7.455683 
10.323254 7.273201 
10.583941 7.090719 
10.818561 6.908237 
11.053181 6.751825 
11.339937 6.517205 
11.600626 6.308655 
11.835245 6.178311 
12.200209 6.074035 
12.513035 6.021898 
12.825860 5.943691 
13.086549 5.839416 
13.321168 5.709072 
13.555787 5.578728 
13.790406 5.422315 
14.025026 5.265902 
14.259645 5.083420 
14.494265 4.770594 
14.676746 4.457768 
14.807091 4.144943 
14.885297 3.858186 
14.911366 3.571429 
14.963504 3.310740 
14.963504 3.023983 
14.963504 2.632951 
14.859228 2.346194 
14.676746 2.059437 
14.442127 1.772680 
14.103232 1.433785 
13.920751 1.225235 
13.607924 0.964546 
13.269031 0.755996 
13.034410 0.599583 
12.799791 0.469239 
12.513035 0.391032 
12.226277 0.260688 
11.261731 0.521376 
11.001042 0.547445 
CONTOUR-LINE z=1.600000 
-4.979145 3.128258 
-5.291971 3.232534 
-5.656934 3.388947 
-5.917623 3.493222 
-6.282586 3.623566 
-6.543274 3.675704 
-6.803962 3.701773 
-7.090720 3.701773 
-7.533889 3.701773 
-7.924922 3.701773 
-8.211679 3.701773 
-8.498436 3.701773 
-8.863400 3.701773 
-9.176226 3.701773 
-9.436913 3.779979 
-9.619395 4.014598 
-9.645464 4.327425 
-9.645464 4.666319 
-9.645464 4.927007 
-9.410845 5.265902 
-9.150156 5.474452 
-8.915537 5.604796 
-8.576642 5.787278 
-8.315954 5.891554 
-7.950991 6.021898 
-7.690302 6.100104 
-7.403545 6.178311 
-7.090720 6.230448 
-6.830031 6.282586 
-6.517205 6.308655 
-6.230448 6.360793 
-5.943691 6.438999 
-5.683003 6.517205 
-5.370177 6.543274 
-4.979145 6.621480 
-4.640250 6.699687 
-4.223149 6.751825 
-3.884254 6.803962 
-3.467153 6.856100 
-3.128259 6.882169 
-2.867570 6.960375 
-2.554744 6.960375 
-2.267987 6.960375 
-2.007299 6.960375 
-1.668405 6.986444 
-1.381648 7.038582 
-1.120959 7.038582 
-0.782065 6.960375 
-0.521376 6.856100 
-0.260688 6.673618 
-0.078206 6.465068 
0.000000 6.178311 
0.052138 5.891554 
0.026069 5.604796 
-0.130344 5.370177 
-0.364964 5.135558 
-0.677789 4.848801 
-1.016684 4.640250 
-1.407716 4.405631 
-1.746611 4.197080 
-2.033368 4.040668 
-2.346194 3.910323 
-2.632951 3.832117 
-2.919708 3.727841 
-3.206465 3.623566 
-3.415016 3.467153 
-3.649635 3.336809 
-3.936392 3.232534 
-4.223149 3.102190 
-4.483837 2.997915 
CONTOUR-LINE z=2.100000 
-7.377477 5.656934 
-7.664234 5.526590 
-7.924922 5.370177 
-8.185610 5.187696 
-8.420229 5.005214 
-8.602711 4.796663 
-8.472367 4.562044 
-8.159541 4.483837 
-7.872784 4.483837 
-7.586027 4.405631 
-7.273201 4.327425 
-7.012513 4.275287 
-6.751825 4.197080 
-6.465068 4.171011 
-6.178311 4.118874 
-5.839416 4.092805 
-5.552659 4.040668 
-5.291971 4.040668 
-5.057352 4.223149 
-5.005214 4.535975 
-5.005214 4.796663 
-5.109489 5.083420 
-5.239833 5.318039 
-5.500521 5.448384 
-5.761209 5.526590 
-6.074036 5.578728 
-6.386861 5.604796 
-6.647550 5.630866 
-6.908238 5.630866 
CONTOUR-LINE z=2.100000 
-3.362878 6.386861 
-3.649635 6.256517 
-3.779979 5.995829 
-3.832117 5.735141 
-3.779979 5.422315 
-3.649635 5.161627 
-3.493222 4.927007 
-3.232534 4.796663 
-2.945777 4.796663 
-2.659020 4.796663 
-2.398332 4.900939 
-2.111575 4.979145 
-1.850886 5.083420 
-1.590198 5.213764 
-1.381648 5.396246 
-1.251303 5.630866 
-1.120959 5.917623 
-1.120959 6.178311 
-1.329510 6.412930 
-1.590198 6.465068 
-1.850886 6.517205 
-2.111575 6.517205 
-2.398332 6.517205 
-2.659020 6.491137 
CONTOUR-LINE z=2.500000 
-2.971846 6.282586 
-3.206465 6.126173 
-3.336809 5.891554 
-3.336809 5.630866 
-3.102190 5.474452 
-2.789364 5.448384 
-2.502607 5.448384 
-2.241919 5.552659 
-2.007299 5.683003 
-1.903024 5.943691 
-2.033368 6.178311 
-2.294056 6.204380 
CONTOUR-LINE z=2.500000 
-7.273201 5.239833 
-7.533889 5.161627 
-7.586027 4.900939 
-7.325339 4.822732 
-7.038582 4.770594 
-6.777894 4.718457 
-6.517205 4.666319 
-6.230448 4.640250 
-5.969760 4.640250 
-5.839416 4.874870 
-5.995829 5.109489 
-6.256517 5.161627 
-6.543274 5.265902 
-6.803962 5.291971 
CONTOUR-LINE z=2.300000 
10.557873 1.355579 
10.297185 1.381648 
10.036496 1.511992 
9.697601 1.720542 
9.462982 1.876955 
9.228363 2.111575 
9.019813 2.320125 
8.837331 2.528676 
8.680918 2.763295 
8.602711 3.023983 
8.524505 3.284672 
8.394160 3.545360 
8.315954 3.806048 
8.211679 4.092805 
8.133472 4.353493 
8.003128 4.640250 
7.872784 4.874870 
7.664234 5.083420 
7.455683 5.265902 
7.273201 5.474452 
7.116788 5.735141 
6.986444 6.047966 
6.908238 6.308655 
6.934307 6.595412 
7.142857 6.830031 
7.377477 6.960375 
7.690302 6.986444 
8.029197 7.038582 
8.342023 7.064651 
8.680918 7.064651 
8.993744 7.064651 
9.254432 6.960375 
9.567258 6.777894 
9.775808 6.595412 
10.036496 6.386861 
10.297185 6.230448 
10.583941 6.047966 
10.896768 5.943691 
11.157455 5.839416 
11.444213 5.709072 
11.730969 5.578728 
11.965590 5.448384 
12.252346 5.344109 
12.539104 5.213764 
12.851929 5.057352 
13.112617 4.927007 
13.347237 4.770594 
13.581856 4.562044 
13.764338 4.327425 
13.920751 4.066736 
14.051095 3.753910 
14.103232 3.441084 
14.155370 3.102190 
14.155370 2.815433 
14.077164 2.554744 
13.920751 2.241919 
13.738269 2.033368 
13.477581 1.772680 
13.216892 1.564129 
12.956204 1.381648 
12.669447 1.199166 
12.408759 1.120959 
12.148071 1.094890 
11.835245 1.068822 
11.548488 1.068822 
11.287800 1.120959 
CONTOUR-LINE z=2.700000 
11.522419 2.111575 
11.235662 2.111575 
10.948905 2.215850 
10.636079 2.398332 
10.297185 2.554744 
10.088634 2.763295 
9.854014 2.893639 
9.593327 3.076121 
9.358707 3.310740 
9.176226 3.545360 
8.941606 3.858186 
8.837331 4.118874 
8.733055 4.379562 
8.654849 4.666319 
8.550573 4.953076 
8.394160 5.213764 
8.263817 5.448384 
8.185610 5.709072 
8.133472 5.995829 
8.342023 6.256517 
8.706986 6.256517 
9.045881 6.230448 
9.306569 6.178311 
9.619395 6.100104 
9.880083 5.917623 
10.140772 5.761209 
10.401460 5.578728 
10.766423 5.344109 
11.131387 5.135558 
11.418144 5.005214 
11.704901 4.796663 
11.991658 4.692388 
12.330553 4.483837 
12.591241 4.327425 
12.851929 4.144943 
13.164755 3.910323 
13.425443 3.727841 
13.503650 3.415016 
13.503650 3.154327 
13.425443 2.867570 
13.269031 2.632951 
13.008342 2.450469 
12.799791 2.267987 
12.539104 2.137643 
12.252346 2.111575 
CONTOUR-LINE z=2.999999 
11.261731 2.763295 
11.001042 2.815433 
10.740355 2.971846 
10.505735 3.180396 
10.323254 3.415016 
10.140772 3.649635 
9.958290 3.884254 
9.749740 4.144943 
9.593327 4.379562 
9.410845 4.614182 
9.228363 4.874870 
9.124087 5.135558 
9.098019 5.422315 
9.254432 5.656934 
9.541189 5.656934 
9.801877 5.526590 
10.088634 5.422315 
10.375391 5.239833 
10.636079 5.161627 
10.922836 4.979145 
11.183524 4.848801 
11.444213 4.718457 
11.704901 4.588112 
11.939520 4.379562 
12.226277 4.197080 
12.460896 4.014598 
12.669447 3.779979 
12.799791 3.519291 
12.877998 3.258603 
12.825860 2.997915 
12.565172 2.841501 
12.304483 2.789364 
12.017727 2.711157 
11.757038 2.685089 
11.496350 2.580813 
CONTOUR-LINE z=1.600000 
9.541189 -3.232534 
9.593327 -2.971846 
9.593327 -2.580813 
9.593327 -2.320125 
9.541189 -2.007299 
9.489051 -1.694473 
9.358707 -1.459854 
9.280500 -1.199166 
9.306569 -0.938478 
9.462982 -0.677789 
9.723671 -0.469239 
9.984359 -0.364964 
10.245047 -0.286757 
10.505735 -0.234619 
10.818561 -0.234619 
11.079249 -0.312826 
11.339937 -0.495308 
11.470282 -0.808133 
11.470282 -1.120959 
11.470282 -1.381648 
11.418144 -1.642336 
11.339937 -1.929093 
11.183524 -2.215850 
11.053181 -2.476538 
10.896768 -2.685089 
10.714286 -2.893639 
10.479667 -3.023983 
10.218978 -3.076121 
CONTOUR-LINE z=1.700000 
10.218978 -1.876955 
10.010427 -1.694473 
9.984359 -1.433785 
10.010427 -1.173097 
10.166841 -0.938478 
10.401460 -0.808133 
10.662148 -0.782065 
10.870699 -1.016684 
10.896768 -1.329510 
10.896768 -1.590198 
10.818561 -1.850886 
10.688217 -2.085506 
10.453597 -2.241919 
CONTOUR-LINE z=2.700000 
2.711158 -7.664234 
2.450469 -7.455683 
2.267987 -7.221064 
2.085506 -6.986444 
1.955162 -6.699687 
1.746611 -6.386861 
1.590198 -6.152242 
1.433785 -5.865485 
1.251303 -5.604796 
1.147028 -5.291971 
1.068822 -5.005214 
1.016684 -4.692388 
1.016684 -4.353493 
1.068822 -4.014598 
1.251303 -3.597497 
1.433785 -3.336809 
1.720542 -3.128258 
2.007299 -2.997915 
2.398332 -2.867570 
2.659020 -2.763295 
3.023983 -2.580813 
3.258603 -2.398332 
3.519291 -2.085506 
3.649635 -1.746611 
3.753910 -1.433785 
3.806048 -1.094890 
3.884254 -0.729927 
3.910323 -0.391032 
3.910323 -0.104275 
3.962461 0.208551 
3.988530 0.469239 
3.988530 0.755996 
4.014598 1.016684 
4.014598 1.381648 
4.092805 1.668405 
4.118874 2.007299 
4.197080 2.346194 
4.353493 2.685089 
4.588113 2.867570 
4.900939 2.867570 
5.265902 2.867570 
5.552659 2.763295 
5.813347 2.606882 
6.074036 2.372263 
6.282586 2.137643 
6.465068 1.876955 
6.647550 1.668405 
6.777894 1.381648 
6.934307 1.173097 
7.012513 0.886340 
7.247132 0.547445 
7.377477 0.234619 
7.507821 -0.052138 
7.612096 -0.417101 
7.664234 -0.755996 
7.664234 -1.016684 
7.664234 -1.459854 
7.716371 -1.772680 
7.716371 -2.085506 
7.716371 -2.372263 
7.716371 -2.659020 
7.716371 -2.919708 
7.716371 -3.206465 
7.716371 -3.571429 
7.742440 -3.936392 
7.794578 -4.223149 
7.794578 -4.614182 
7.794578 -4.900939 
7.716371 -5.213764 
7.612096 -5.500521 
7.481752 -5.735141 
7.273201 -5.969760 
6.960375 -6.152242 
6.595412 -6.334723 
6.308655 -6.438999 
5.969760 -6.595412 
5.630866 -6.699687 
5.291971 -6.803962 
5.031282 -6.856100 
4.744525 -6.934307 
4.483837 -7.038582 
4.249218 -7.168926 
3.988530 -7.273201 
3.701773 -7.403545 
CONTOUR-LINE z=1.000000 
1.329510 -0.312826 
1.147028 -0.521376 
1.173097 -0.834202 
1.303441 -1.094890 
1.511992 -1.251303 
1.772680 -1.147028 
2.033368 -0.912409 
2.163712 -0.651721 
2.267987 -0.364964 
2.241919 -0.104275 
1.981230 -0.052138 
1.694473 -0.104275 
CONTOUR-LINE z=2.799999 
-0.104275 2.659020 
-0.443170 2.346194 
-0.729927 2.059437 
-0.938478 1.824818 
-1.199166 1.564129 
-1.303441 1.277372 
-1.355579 1.016684 
-1.381648 0.729927 
-1.433785 0.469239 
-1.407716 0.208551 
-1.120959 0.182482 
-0.834202 0.417101 
-0.677789 0.651721 
-0.495308 0.938478 
-0.234619 1.173097 
-0.026069 1.407716 
0.182482 1.616267 
0.417101 1.824818 
0.703858 2.007299 
0.964546 2.215850 
1.199166 2.372263 
1.433785 2.528676 
1.668405 2.685089 
1.955162 2.893639 
2.111575 3.206465 
2.137643 3.493222 
1.772680 3.675704 
1.485923 3.623566 
1.094890 3.467153 
0.729927 3.258603 
0.495308 3.076121 
CONTOUR-LINE z=3.199999 
-0.521376 1.824818 
-0.782065 1.225235 
-0.338895 1.485923 
0.417101 2.215850 
1.147028 2.763295 
1.381648 3.206465 
0.495308 2.841501 
-0.052138 2.189781 
CONTOUR-LINE z=3.599999 
3.180396 -3.206465 
2.893639 -3.284672 
2.632951 -3.441084 
2.398332 -3.597497 
2.189781 -3.779979 
2.033368 -4.014598 
1.929093 -4.353493 
1.929093 -4.640250 
2.033368 -4.900939 
2.163712 -5.213764 
2.294056 -5.474452 
2.450469 -5.735141 
2.580813 -6.047966 
2.815433 -6.256517 
3.128259 -6.256517 
3.388947 -6.334723 
3.753910 -6.360793 
4.092805 -6.360793 
4.353493 -6.334723 
4.666319 -6.230448 
4.927007 -6.074035 
5.187696 -5.995829 
5.474452 -5.891554 
5.787279 -5.761209 
6.100104 -5.630866 
6.334723 -5.500521 
6.595412 -5.318039 
6.777894 -5.109489 
6.856100 -4.822732 
6.960375 -4.457768 
6.960375 -4.197080 
6.986444 -3.910323 
7.012513 -3.623566 
7.012513 -3.310740 
7.038582 -2.971846 
7.038582 -2.711157 
7.038582 -2.398332 
7.064651 -2.137643 
7.064651 -1.798749 
7.064651 -1.459854 
7.064651 -1.147028 
7.064651 -0.860271 
7.064651 -0.547445 
7.012513 -0.286757 
6.908238 -0.026069 
6.751825 0.208551 
6.569343 0.521376 
6.386861 0.782065 
6.178311 1.225235 
6.021898 1.538060 
5.891554 1.824818 
5.683003 2.007299 
5.422315 2.033368 
5.135558 1.876955 
4.979145 1.590198 
4.822732 1.303441 
4.796663 0.964546 
4.796663 0.651721 
4.796663 0.364964 
4.744525 -0.026069 
4.692388 -0.286757 
4.614182 -0.625652 
4.562044 -0.886340 
4.457768 -1.173097 
4.327425 -1.459854 
4.223149 -1.772680 
4.144943 -2.059437 
4.040668 -2.346194 
3.910323 -2.632951 
3.832117 -2.893639 
CONTOUR-LINE z=4.099998 
3.258603 -3.910323 
2.997915 -4.066736 
2.763295 -4.223149 
2.606882 -4.483837 
2.580813 -4.770594 
2.737226 -5.031282 
2.945777 -5.239833 
3.180396 -5.396246 
3.441084 -5.474452 
3.753910 -5.474452 
4.040668 -5.474452 
4.327425 -5.474452 
4.692388 -5.422315 
4.979145 -5.318039 
5.239833 -5.239833 
5.500521 -5.135558 
5.761209 -5.031282 
6.021898 -4.900939 
6.230448 -4.692388 
6.386861 -4.353493 
6.465068 -4.040668 
6.465068 -3.675704 
6.465068 -3.362878 
6.465068 -2.971846 
6.465068 -2.659020 
6.465068 -2.267987 
6.465068 -1.929093 
6.465068 -1.616267 
6.491137 -1.355579 
6.517205 -1.016684 
6.517205 -0.755996 
6.491137 -0.495308 
6.386861 -0.208551 
6.256517 0.026069 
6.126173 0.260688 
5.969760 0.521376 
5.813347 0.808133 
5.683003 1.042753 
5.422315 0.938478 
5.370177 0.677789 
5.291971 0.391032 
5.239833 0.078206 
5.161627 -0.182482 
5.135558 -0.469239 
5.135558 -0.782065 
5.083420 -1.094890 
5.031282 -1.407716 
4.927007 -1.668405 
4.848801 -1.929093 
4.770595 -2.189781 
4.692388 -2.476538 
4.509906 -2.815433 
4.405631 -3.076121 
4.275287 -3.336809 
4.040668 -3.571429 
3.753910 -3.701773 
CONTOUR-LINE z=5.099998 
3.467153 -4.197080 
3.258603 -4.379562 
3.102190 -4.640250 
3.232534 -4.874870 
3.493222 -4.953076 
3.753910 -5.005214 
4.040668 -5.057352 
4.327425 -5.057352 
4.588113 -5.031282 
4.900939 -4.953076 
5.161627 -4.822732 
5.370177 -4.640250 
5.630866 -4.535975 
5.865485 -4.327425 
6.021898 -4.092805 
6.100104 -3.806048 
6.126173 -3.545360 
6.126173 -3.232534 
6.074036 -2.919708 
6.021898 -2.659020 
6.021898 -2.346194 
6.021898 -2.085506 
6.021898 -1.798749 
6.021898 -1.511992 
6.021898 -1.225235 
6.021898 -0.938478 
5.995829 -0.651721 
5.917623 -0.338895 
5.683003 -0.547445 
5.604797 -0.834202 
5.526590 -1.094890 
5.422315 -1.355579 
5.344109 -1.616267 
5.291971 -1.903024 
5.239833 -2.189781 
5.187696 -2.450469 
5.109489 -2.711157 
4.979145 -2.971846 
4.874870 -3.232534 
4.718457 -3.467153 
4.509906 -3.701773 
4.275287 -3.910323 
4.014598 -3.962461 
CONTOUR-LINE z=5.699997 
3.936392 -4.171011 
3.832117 -4.431700 
4.014598 -4.640250 
4.275287 -4.692388 
4.562044 -4.692388 
4.874870 -4.588112 
5.135558 -4.405631 
5.370177 -4.249218 
5.578728 -4.040668 
5.683003 -3.779979 
5.709072 -3.519291 
5.709072 -3.258603 
5.709072 -2.971846 
5.683003 -2.711157 
5.630866 -2.450469 
5.370177 -2.606882 
5.318039 -2.867570 
5.265902 -3.154327 
5.187696 -3.441084 
5.057352 -3.727841 
4.848801 -3.988530 
4.614182 -4.118874 
4.353493 -4.197080 
CONTOUR-LINE z=3.199999 
-1.564129 -0.495308 
-1.511992 -0.782065 
-1.459854 -1.042753 
-1.329510 -1.329510 
-1.251303 -1.590198 
-1.016684 -1.720542 
-0.886340 -1.407716 
-0.860271 -1.120959 
-0.860271 -0.808133 
-0.860271 -0.547445 
-1.094890 -0.364964 
-1.355579 -0.312826 
CONTOUR-LINE z=3.799999 
9.854014 5.187696 
9.801877 4.927007 
9.880083 4.666319 
10.010427 4.405631 
10.140772 4.171011 
10.271115 3.936392 
10.453597 3.727841 
10.662148 3.519291 
10.896768 3.388947 
11.131387 3.258603 
11.392076 3.258603 
11.704901 3.258603 
11.965590 3.336809 
12.043796 3.623566 
11.965590 3.884254 
11.704901 4.092805 
11.470282 4.327425 
11.235662 4.509906 
10.974974 4.666319 
10.714286 4.874870 
10.453597 5.005214 
10.166841 5.135558 
CONTOUR-LINE z=4.499998 
10.427528 4.483837 
10.714286 4.014598 
11.287800 3.858186 
10.974974 4.405631 
CONTOUR-LINE z=1.100000 
13.477581 -7.481752 
13.216892 -7.559958 
12.930136 -7.716371 
12.747654 -7.924922 
12.643378 -8.211679 
12.591241 -8.576642 
12.591241 -8.863400 
12.617310 -9.124087 
12.695517 -9.384776 
12.877998 -9.619395 
13.138686 -9.749740 
13.529718 -9.801877 
13.790406 -9.880083 
14.103232 -9.958290 
14.468196 -9.958290 
14.781022 -9.958290 
15.041710 -9.932221 
15.354536 -9.854014 
15.641293 -9.749740 
15.901981 -9.697601 
16.293013 -9.567258 
16.579771 -9.541188 
16.892597 -9.541188 
17.205421 -9.489051 
17.518248 -9.489051 
17.778936 -9.489051 
18.117830 -9.489051 
18.404589 -9.489051 
18.561001 -9.254432 
18.561001 -8.941606 
18.534933 -8.680918 
18.352451 -8.446299 
18.065693 -8.263817 
17.700729 -8.055265 
17.283628 -7.924922 
16.944735 -7.794578 
16.501564 -7.742440 
16.136600 -7.742440 
15.771637 -7.664234 
15.432742 -7.664234 
15.093848 -7.638165 
14.754953 -7.586027 
14.494265 -7.559958 
14.207508 -7.507821 
CONTOUR-LINE z=1.400000 
13.842545 -8.029197 
13.555787 -8.081335 
13.321168 -8.263817 
13.321168 -8.550573 
13.529718 -8.733055 
13.764338 -8.889468 
14.155370 -8.967674 
14.468196 -9.019813 
14.754953 -9.019813 
15.093848 -9.019813 
15.432742 -9.019813 
15.771637 -8.993743 
16.084463 -8.967674 
16.397289 -8.941606 
16.710115 -8.889468 
17.022940 -8.863400 
17.205421 -8.654849 
16.970802 -8.472367 
16.684046 -8.342023 
16.423357 -8.263817 
16.058393 -8.237747 
15.693431 -8.185610 
15.406673 -8.159541 
15.041710 -8.133472 
14.728885 -8.133472 
14.468196 -8.081335 
CONTOUR-LINE z=2.100000 
14.363921 -8.342023 
13.998958 -8.628780 
14.650678 -8.759124 
15.797706 -8.576642 
14.807091 -8.368092 
CONTOUR-LINE z=1.100000 
20.881126 -6.621480 
20.568300 -6.491137 
20.307611 -6.334723 
20.072992 -6.204380 
19.734098 -6.021898 
19.421272 -5.839416 
19.160583 -5.656934 
18.925964 -5.500521 
18.639208 -5.239833 
18.430656 -5.057352 
18.169970 -4.848801 
17.961418 -4.640250 
17.778936 -4.431700 
17.570385 -4.249218 
17.309698 -4.014598 
17.101147 -3.806048 
16.892597 -3.545360 
16.762253 -3.258603 
16.710115 -2.945777 
16.710115 -2.632951 
16.814390 -2.294056 
16.996872 -2.033368 
17.257561 -1.694473 
17.440042 -1.433785 
17.674662 -1.199166 
17.909281 -1.016684 
18.169970 -0.886340 
18.430656 -0.703858 
18.665276 -0.495308 
18.847757 -0.286757 
18.978102 0.026069 
19.082378 0.286757 
19.186653 0.547445 
19.264860 0.834202 
19.369135 1.225235 
19.473410 1.485923 
19.734098 1.694473 
19.968718 1.824818 
20.229406 1.772680 
20.437956 1.564129 
20.490093 1.303441 
20.490093 1.016684 
20.437956 0.625652 
20.437956 0.208551 
20.437956 -0.208551 
20.437956 -0.495308 
20.542231 -0.834202 
20.646507 -1.120959 
20.776852 -1.433785 
20.933264 -1.746611 
21.141815 -2.111575 
21.298227 -2.450469 
21.402502 -2.737226 
21.584984 -3.076121 
21.689260 -3.388947 
21.845673 -3.753910 
21.871742 -4.144943 
21.897810 -4.483837 
21.897810 -4.744525 
21.845673 -5.005214 
21.767466 -5.265902 
21.663191 -5.578728 
21.506779 -5.839416 
CONTOUR-LINE z=1.700000 
20.046925 -5.031282 
19.812304 -4.848801 
19.629824 -4.640250 
19.395203 -4.431700 
19.082378 -4.249218 
18.847757 -4.066736 
18.587070 -3.832117 
18.378519 -3.623566 
18.248175 -3.362878 
18.222107 -2.997915 
18.274244 -2.737226 
18.430656 -2.450469 
18.534933 -2.189781 
18.691345 -1.903024 
18.795620 -1.642336 
18.925964 -1.407716 
19.082378 -1.068822 
19.238791 -0.834202 
19.499479 -0.860271 
19.499479 -1.173097 
19.525547 -1.459854 
19.551617 -1.824818 
19.655891 -2.189781 
19.681961 -2.450469 
19.812304 -2.685089 
19.994785 -2.971846 
20.203337 -3.180396 
20.411888 -3.336809 
20.594370 -3.571429 
20.750782 -3.806048 
20.881126 -4.144943 
20.933264 -4.405631 
20.933264 -4.666319 
20.802919 -4.979145 
20.542231 -5.161627 
CONTOUR-LINE z=0.600000 
-17.726799 -6.021898 
-18.091763 -6.230448 
-18.222107 -6.517205 
-18.326382 -6.830031 
-18.482794 -7.116788 
-18.456726 -7.403545 
-18.248175 -7.690302 
-17.987488 -7.898853 
-17.752867 -8.055265 
-17.387903 -8.315954 
-16.918665 -8.472367 
-16.657976 -8.524505 
-16.345152 -8.524505 
-15.901981 -8.315954 
-15.641293 -8.159541 
-15.510949 -7.872784 
-15.354536 -7.586027 
-15.328467 -7.221064 
-15.328467 -6.960375 
-15.484880 -6.673618 
-15.745568 -6.517205 
-16.058393 -6.308655 
-16.319082 -6.204380 
-16.631908 -6.047966 
-16.892597 -5.943691 
CONTOUR-LINE z=0.700000 
-12.252346 -6.699687 
-12.669447 -6.830031 
-13.138686 -7.038582 
-13.399374 -7.168926 
-13.712200 -7.325339 
-13.972888 -7.559958 
-14.259645 -7.924922 
-14.416059 -8.263817 
-14.416059 -8.576642 
-14.129301 -8.785192 
-13.764338 -8.785192 
-13.373305 -8.785192 
-12.825860 -8.785192 
-12.486965 -8.785192 
-12.095933 -8.706986 
-11.730969 -8.654849 
-11.366006 -8.654849 
-10.922836 -8.550573 
-10.583941 -8.498436 
-10.088634 -8.263817 
-9.645464 -8.107404 
-9.358707 -7.898853 
-9.045881 -7.742440 
-8.472367 -7.533889 
-8.159541 -7.403545 
-7.898853 -7.247132 
-7.559958 -7.064651 
-7.116788 -6.882169 
-6.882169 -6.673618 
-6.830031 -6.412930 
-6.986444 -6.178311 
-7.377477 -6.074035 
-7.768509 -5.995829 
-8.107404 -5.969760 
-8.446299 -5.969760 
-8.733055 -5.969760 
-9.071950 -5.969760 
-9.358707 -5.969760 
-9.697601 -6.021898 
-10.088634 -6.178311 
-10.349322 -6.256517 
-10.662148 -6.282586 
CONTOUR-LINE z=0.800000 
-14.077164 -3.310740 
-14.494265 -3.571429 
-14.754953 -3.884254 
-14.911366 -4.144943 
-14.937435 -4.457768 
-14.963504 -4.796663 
-14.911366 -5.057352 
-14.624609 -5.213764 
-14.337852 -5.318039 
-13.998958 -5.370177 
-13.633994 -5.422315 
-13.216892 -5.422315 
-12.904067 -5.370177 
-12.591241 -5.187696 
-12.330553 -4.900939 
-12.148071 -4.562044 
-12.017727 -4.223149 
-11.861314 -3.910323 
-11.704901 -3.623566 
-11.470282 -3.310740 
-11.313869 -2.997915 
-11.209594 -2.659020 
-11.131387 -2.346194 
-11.131387 -2.033368 
-11.209594 -1.772680 
-11.339937 -1.538060 
-11.600626 -1.355579 
-11.913451 -1.120959 
-12.278415 -1.016684 
-12.591241 -0.990615 
-12.877998 -0.964546 
-13.216892 -0.990615 
-13.555787 -1.094890 
-13.816476 -1.251303 
-13.920751 -1.564129 
-13.894682 -1.876955 
-13.764338 -2.137643 
CONTOUR-LINE z=0.800000 
-10.375391 -4.431700 
-10.192909 -3.936392 
-10.062565 -3.701773 
-9.958290 -3.362878 
-9.880083 -3.050052 
-9.880083 -2.685089 
-9.880083 -2.398332 
-9.801877 -2.059437 
-9.723671 -1.798749 
-9.515120 -1.564129 
-9.228363 -1.485923 
-8.967674 -1.459854 
-8.680918 -1.459854 
-8.394160 -1.485923 
-8.133472 -1.564129 
-7.846715 -1.720542 
-7.559958 -1.929093 
-7.299270 -2.111575 
-7.012513 -2.372263 
-6.751825 -2.685089 
-6.543274 -2.945777 
-6.360793 -3.284672 
-6.178311 -3.597497 
-6.074036 -3.910323 
-5.943691 -4.327425 
-5.865485 -4.640250 
-5.865485 -4.900939 
-6.126173 -4.979145 
-6.412930 -5.057352 
-6.673618 -5.057352 
-6.934307 -5.057352 
-7.221064 -5.057352 
-7.638165 -5.057352 
-7.924922 -5.057352 
-8.263817 -5.057352 
-8.602711 -5.057352 
-8.941606 -4.927007 
-9.254432 -4.796663 
-9.515120 -4.692388 
-9.827946 -4.640250 
CONTOUR-LINE z=1.200000 
-8.759124 -2.294056 
-8.993744 -2.476538 
-9.098019 -2.763295 
-9.176226 -3.050052 
-9.202294 -3.336809 
-9.410845 -3.545360 
-9.619395 -3.753910 
-9.541189 -4.014598 
-9.280500 -4.171011 
-8.993744 -4.223149 
-8.759124 -4.353493 
-8.446299 -4.405631 
-8.029197 -4.535975 
-7.716371 -4.535975 
-7.429614 -4.535975 
-7.168926 -4.535975 
-6.803962 -4.457768 
-6.543274 -4.327425 
-6.543274 -3.988530 
-6.647550 -3.727841 
-6.803962 -3.493222 
-6.986444 -3.258603 
-7.090720 -2.945777 
-7.299270 -2.632951 
-7.533889 -2.450469 
-7.794578 -2.241919 
-8.029197 -2.111575 
-8.315954 -2.007299 
-8.576642 -1.929093 
CONTOUR-LINE z=1.500000 
-8.394160 -2.971846 
-8.628780 -3.102190 
-8.680918 -3.362878 
-8.550573 -3.675704 
-8.289886 -3.858186 
-8.029197 -3.936392 
-7.768509 -3.988530 
-7.586027 -3.779979 
-7.664234 -3.519291 
-7.768509 -3.258603 
-7.872784 -2.997915 
CONTOUR-LINE z=1.100000 
-12.408759 -7.299270 
-12.773723 -7.533889 
-13.112617 -7.742440 
-13.190824 -8.003128 
-12.930136 -8.185610 
-12.591241 -8.185610 
-12.278415 -8.133472 
-11.991658 -8.081335 
-11.626695 -7.977059 
-11.313869 -7.950991 
-10.948905 -7.898853 
-10.531804 -7.794578 
-10.297185 -7.664234 
-9.984359 -7.481752 
-9.697601 -7.325339 
-9.384776 -7.168926 
-9.098019 -7.064651 
-8.837331 -6.960375 
-8.576642 -6.882169 
-8.315954 -6.803962 
-8.107404 -6.621480 
-8.368092 -6.517205 
-8.680918 -6.517205 
-8.993744 -6.647550 
-9.254432 -6.699687 
-9.645464 -6.803962 
-9.932221 -6.960375 
-10.271115 -7.090719 
-10.531804 -7.142857 
-10.818561 -7.221064 
-11.105318 -7.221064 
-11.418144 -7.221064 
-11.730969 -7.221064 
CONTOUR-LINE z=1.200000 
-13.581856 -3.571429 
-13.868613 -3.675704 
-14.103232 -3.910323 
-14.389990 -4.171011 
-14.416059 -4.457768 
-14.207508 -4.744525 
-13.920751 -4.874870 
-13.581856 -4.953076 
-13.242962 -4.953076 
-12.930136 -4.953076 
-12.669447 -4.848801 
-12.565172 -4.562044 
-12.513035 -4.092805 
-12.460896 -3.806048 
-12.408759 -3.467153 
-12.591241 -3.232534 
-12.877998 -3.232534 
CONTOUR-LINE z=1.300000 
-13.269031 -1.459854 
-13.321168 -1.720542 
-13.347237 -2.007299 
-13.347237 -2.320125 
-13.216892 -2.554744 
-12.956204 -2.685089 
-12.669447 -2.685089 
-12.408759 -2.711157 
-12.148071 -2.763295 
-11.965590 -2.528676 
-11.939520 -2.267987 
-11.991658 -2.007299 
-12.095933 -1.746611 
-12.356622 -1.564129 
-12.643378 -1.459854 
CONTOUR-LINE z=1.600000 
-13.555787 -3.884254 
-13.738269 -4.092805 
-13.686131 -4.379562 
-13.399374 -4.509906 
-13.034410 -4.379562 
-12.930136 -4.118874 
-13.138686 -3.806048 
CONTOUR-LINE z=1.500000 
-12.773723 -1.850886 
-12.956204 -2.137643 
-12.617310 -2.215850 
-12.382690 -1.981230 
CONTOUR-LINE z=0.800000 
-17.570385 -6.360793 
-17.831074 -6.699687 
-17.987488 -6.986444 
-17.987488 -7.273201 
-17.935349 -7.533889 
-17.674662 -7.716371 
-17.413973 -7.846715 
-17.153284 -7.898853 
-16.892597 -7.924922 
-16.605839 -7.898853 
-16.345152 -7.768509 
-16.162670 -7.559958 
-16.110531 -7.299270 
-16.084463 -7.012513 
-16.188738 -6.751825 
-16.423357 -6.569343 
-16.657976 -6.438999 
-16.944735 -6.334723 
-17.205421 -6.308655 
CONTOUR-LINE z=1.000000 
-17.335766 -6.934307 
-17.413973 -7.247132 
-17.231491 -7.481752 
-16.970802 -7.481752 
-16.788321 -7.247132 
-16.814390 -6.960375 
-16.996872 -6.699687 
CONTOUR-LINE z=0.500000 
-3.701773 -8.263817 
-4.014598 -8.472367 
-4.327425 -8.733055 
-4.509906 -8.941606 
-4.692388 -9.202294 
-4.692388 -9.489051 
-4.457768 -9.775808 
-4.223149 -9.932221 
-3.962461 -10.088634 
-3.649635 -10.218978 
-3.284672 -10.271115 
-2.945777 -10.297185 
-2.685089 -10.349322 
-2.372263 -10.453597 
-2.033368 -10.453597 
-1.850886 -10.218978 
-1.850886 -9.854014 
-1.824818 -9.489051 
-1.824818 -9.202294 
-1.824818 -8.889468 
-1.929093 -8.602711 
-2.137643 -8.342023 
-2.346194 -8.133472 
-2.476538 -7.898853 
-2.737226 -7.872784 
-2.997915 -7.872784 
CONTOUR-LINE z=0.800000 
-3.310740 -8.706986 
-3.571429 -8.811261 
-3.701773 -9.071950 
-3.649635 -9.384776 
-3.362878 -9.462982 
-3.102190 -9.515120 
-2.789364 -9.541188 
-2.580813 -9.280500 
-2.502607 -9.019813 
-2.450469 -8.759124 
-2.685089 -8.472367 
-2.945777 -8.394160 
