#calibration -0.21970108	-0.009775535	-0.0037257308
#t	x	y	z
8	0.77488697	1.4849622	0.33135498
9	0.77461183	1.484815	0.33190998
35	0.7756105	1.4846202	0.33123437
36	0.7772016	1.4843988	0.3299465
36	0.7783408	1.4841974	0.32910356
39	0.77876675	1.4839675	0.3289736
47	0.77849567	1.4836465	0.3295457
56	0.7790039	1.4832597	0.3293861
64	0.78010195	1.4829141	0.32864967
72	0.7807661	1.4827228	0.32831237
81	0.78126156	1.4825441	0.32810196
89	0.78203017	1.482282	0.32761663
98	0.78229517	1.4821352	0.32763726
106	0.78198344	1.4820356	0.3282516
114	0.78193086	1.4818771	0.32865396
123	0.7827993	1.4816759	0.32819003
131	0.78289676	1.4815367	0.32847312
139	0.78296673	1.4814231	0.32869908
148	0.7824694	1.481331	0.32943985
156	0.7824869	1.4812577	0.3296077
165	0.7833694	1.481219	0.32885578
173	0.78546774	1.4813484	0.32689673
181	0.78709155	1.4814124	0.3254406
190	0.7883242	1.4814658	0.3244168
199	0.78901726	1.481407	0.32393113
207	0.7898097	1.4813777	0.32330468
215	0.79007727	1.4814178	0.3231244
223	0.7914283	1.481494	0.3217679
232	0.7925997	1.4815581	0.32059175
241	0.79352427	1.4815896	0.31966266
249	0.7943916	1.4815675	0.31878993
257	0.79582363	1.481522	0.31734973
265	0.79663914	1.481379	0.31652817
276	0.7966529	1.4813237	0.316641
297	0.7978823	1.4812844	0.3155521
298	0.79837424	1.4812583	0.31516725
299	0.7988288	1.481253	0.3147098
307	0.79968745	1.4812697	0.31384665
315	0.7998397	1.4813017	0.31369433
324	0.8004926	1.481335	0.31303802
332	0.80136853	1.4813536	0.31215814
340	0.80180955	1.4814558	0.31167725
349	0.8025122	1.481534	0.31091428
358	0.8024807	1.481597	0.31094685
367	0.8013661	1.4816893	0.3120223
375	0.80025506	1.4818355	0.3130683
384	0.79979664	1.481908	0.31344426
392	0.80036634	1.4819307	0.31277785
400	0.8007453	1.4819355	0.31225643
409	0.8002544	1.4820046	0.31259197
422	0.79887676	1.4820342	0.313848
426	0.7985236	1.4820867	0.3140781
434	0.79821646	1.4822443	0.3142713
442	0.79860395	1.482309	0.3137397
452	0.7987288	1.4823306	0.31347013
459	0.798634	1.4825014	0.31346688
468	0.7990527	1.4826685	0.31304815
480	0.7989588	1.4827187	0.31303337
485	0.7994731	1.4826902	0.31235343
493	0.79895914	1.482773	0.3126792
501	0.79939544	1.4828855	0.31204382
512	0.7999324	1.4829826	0.31132132
518	0.80005354	1.4831017	0.31104758
526	0.80037975	1.4832461	0.3106183
535	0.800248	1.4833771	0.31075206
543	0.7999103	1.4834905	0.31101528
552	0.7997477	1.483515	0.3110528
560	0.79952896	1.4835232	0.31111047
570	0.79818857	1.4836341	0.31226087
578	0.7977571	1.4837095	0.31249133
585	0.79653156	1.483704	0.31352893
594	0.79527617	1.4837416	0.31458953
602	0.794706	1.483741	0.31494892
612	0.7946427	1.4837712	0.3147882
620	0.7949418	1.4837369	0.31428638
628	0.79508376	1.4837252	0.31391463
636	0.7946871	1.4837862	0.3141617
644	0.79515743	1.4838933	0.31361398
653	0.79552364	1.4839689	0.31324795
663	0.7954477	1.4840652	0.31320798
669	0.7947926	1.4841719	0.31361887
678	0.79534537	1.4841788	0.31274906
686	0.79653156	1.484256	0.31125608
694	0.7980179	1.4843444	0.3094583
705	0.79930484	1.4843733	0.3078816
713	0.80005443	1.4844418	0.30695593
719	0.8008741	1.4845213	0.30600953
728	0.80026096	1.4845675	0.30653083
737	0.80063784	1.4846451	0.30615222
745	0.80111927	1.4846909	0.30566972
755	0.8016553	1.4847941	0.30513212
763	0.8015176	1.4848782	0.3052707
772	0.80115896	1.4849226	0.30563277
778	0.8011696	1.4849838	0.3057817
787	0.8009349	1.4850228	0.30620158
795	0.8007539	1.4850242	0.30653274
805	0.79999083	1.4849852	0.30745962
813	0.79924166	1.4849157	0.30838785
822	0.79849	1.4848809	0.30931297
830	0.79788333	1.4848865	0.31010452
837	0.7963249	1.4848691	0.31184256
845	0.7959539	1.4847963	0.31238842
855	0.79643756	1.4846804	0.31215006
862	0.7972244	1.4844556	0.31165895
870	0.7975549	1.4842346	0.31159613
878	0.7982001	1.4840329	0.31119514
886	0.79757404	1.4838357	0.31209823
895	0.7961452	1.4836513	0.31379864
904	0.7947132	1.4834385	0.31540504
912	0.7934681	1.483287	0.31674868
922	0.7921167	1.4831507	0.3181752
930	0.79116887	1.4830112	0.31923455
938	0.7915924	1.4828367	0.31895736
946	0.79132867	1.4827214	0.3193943
954	0.7906999	1.4826591	0.32022923
964	0.79036874	1.482655	0.32071593
973	0.79066247	1.4825575	0.3204928
979	0.79136586	1.4824953	0.3197845
989	0.7923365	1.4823914	0.3187138
996	0.79305303	1.4822584	0.31789532
1010	0.7943643	1.4822361	0.31657648
1014	0.79477423	1.4821944	0.3161645
1023	0.79487926	1.4821385	0.31605795
1031	0.7942616	1.481971	0.31667697
1038	0.79373056	1.481775	0.31720787
1047	0.7930343	1.4816773	0.31790632
1062	0.79207814	1.4816297	0.3188669
1066	0.7914382	1.4816264	0.31950983
1072	0.79039866	1.4816318	0.32055494
1080	0.78966147	1.4816397	0.32129627
1088	0.78920865	1.4816384	0.32186392
1097	0.78956914	1.4816705	0.321669
1105	0.7898438	1.4816746	0.3215949
1113	0.78960645	1.4815836	0.3220171
1122	0.7892493	1.4814786	0.3224876
1130	0.7896949	1.4813803	0.32208976
1139	0.790113	1.4812844	0.321668
1147	0.78937304	1.4811357	0.32241008
1155	0.7893384	1.4810659	0.322445
1164	0.79076695	1.4810553	0.32100794
1171	0.79028916	1.4810127	0.321636
1180	0.7889599	1.4809755	0.3231746
1188	0.7884086	1.4807631	0.32393822
1197	0.78817415	1.4805499	0.32431883
1205	0.7884849	1.4803226	0.32410792
1214	0.78892606	1.4802185	0.32376274
1222	0.7896391	1.4801763	0.32304594
1232	0.7903295	1.4801447	0.32245442
1239	0.7905405	1.4800816	0.3223422
1248	0.790726	1.4800513	0.3221553
1256	0.789869	1.4799119	0.3230155
1265	0.7898572	1.4798148	0.32302597
1273	0.78899395	1.4797676	0.3238929
1281	0.78983265	1.479647	0.3230483
1290	0.7906564	1.4796418	0.3222206
1299	0.7911607	1.4796437	0.32171297
1309	0.7913285	1.4797072	0.3215999
1315	0.7913411	1.4796418	0.32168657
1324	0.78987545	1.4795985	0.32324982
1332	0.7870261	1.4796143	0.32611406
1340	0.7850726	1.4795946	0.32793745
1349	0.78335375	1.4795816	0.32948023
1360	0.7827274	1.4796064	0.3300185
1366	0.78366625	1.4796915	0.32914945
1374	0.7847258	1.4797505	0.32829183
1382	0.7854188	1.4798627	0.3279027
1391	0.7851562	1.4799244	0.3285267
1405	0.7852217	1.4800197	0.32872427
1408	0.78537375	1.4801348	0.32868555
1416	0.7844611	1.4802725	0.32963148
1424	0.78384	1.4803286	0.3302552
1433	0.7829922	1.4803795	0.3310947
1441	0.7819445	1.4804573	0.3321758
1449	0.7832063	1.480579	0.33093637
1457	0.78484225	1.4807206	0.329237
1466	0.786072	1.4808905	0.3278679
1474	0.7885749	1.48104	0.3251688
1484	0.79086185	1.4812044	0.32269382
1491	0.793448	1.481317	0.31992632
1500	0.79524684	1.4814558	0.31793356
1508	0.7968038	1.4816498	0.31610662
1517	0.7979173	1.4817845	0.31464317
1526	0.7987528	1.4819636	0.31338373
1533	0.8007056	1.4820733	0.31093916
1543	0.80369544	1.4823143	0.30745625
1550	0.8070399	1.4826449	0.30369294
1560	0.8093707	1.4829881	0.30105978
1568	0.81179047	1.4833525	0.29839554
1576	0.8140451	1.4838027	0.2959183
1584	0.8156093	1.4841939	0.29405892
1592	0.81780744	1.4845551	0.291512
1601	0.8209661	1.4848212	0.28804725
1610	0.8248373	1.4849442	0.2839514
1618	0.82858676	1.4849747	0.28010237
1626	0.8325939	1.4849678	0.2761087
1634	0.8357332	1.4849074	0.2730536
1643	0.8378147	1.4847949	0.27107546
1651	0.84005576	1.4845786	0.26895574
1660	0.8427356	1.4843781	0.26639935
1669	0.8454472	1.4841051	0.2637872
1678	0.84994274	1.4837273	0.25937667
1685	0.85302305	1.4835342	0.25638917
1694	0.85618526	1.4832155	0.25345936
1702	0.85821307	1.4829338	0.25174603
1712	0.860528	1.482586	0.24971557
1720	0.86382467	1.4822537	0.24666418
1727	0.86691743	1.4818945	0.24382277
1738	0.8698788	1.481538	0.24116233
1744	0.8738866	1.4810739	0.23749448
1752	0.8778203	1.480632	0.23390937
1761	0.8809314	1.480231	0.23110332
1771	0.8837879	1.4797269	0.22853194
1779	0.88655245	1.4792093	0.2260389
1787	0.89011294	1.47862	0.22274156
1794	0.8936355	1.4780706	0.21954355
1802	0.89705294	1.4775629	0.21641009
1810	0.8997967	1.4768187	0.21387564
1820	0.9028959	1.4762841	0.21101741
1829	0.9062289	1.4757123	0.20807332
1837	0.9112708	1.4749706	0.20356841
1844	0.9156562	1.474247	0.1999658
1852	0.9189884	1.4735993	0.19756088
1861	0.9214314	1.4730078	0.19580778
1869	0.9225576	1.4724435	0.19510095
1877	0.9244546	1.471906	0.19345233
1886	0.92611694	1.4714482	0.19183597
1894	0.92810833	1.4708358	0.18970841
1903	0.93072176	1.4701401	0.18680468
1912	0.93290585	1.4691672	0.18424384
1921	0.93381006	1.4683113	0.18297866
1929	0.9327429	1.4675925	0.18396413
1938	0.93174106	1.4670023	0.18514565
1945	0.92864734	1.4663217	0.18845744
1953	0.924811	1.4657676	0.19241884
1961	0.9225119	1.465355	0.19447999
1970	0.9224914	1.4653227	0.19375102
1978	0.9271444	1.465537	0.18806931
1987	0.93206257	1.4656738	0.18230349
1996	0.939293	1.4655949	0.17458466
2003	0.94388473	1.4655983	0.17009935
2011	0.9442275	1.4654633	0.17036614
2022	0.9392182	1.4649825	0.17607045
2030	0.9338033	1.4643943	0.18211855
2040	0.9292022	1.4637743	0.18726294
2045	0.9256629	1.4629843	0.19111294
2054	0.9250941	1.4620632	0.19189721
2062	0.9256316	1.4611611	0.19179107
2071	0.9261409	1.4602562	0.19203344
2081	0.92435336	1.4594965	0.19488084
2089	0.92042464	1.4588629	0.20003055
2097	0.9163635	1.458305	0.20539613
2104	0.9125408	1.4579287	0.21037129
2112	0.9097572	1.4577837	0.21393447
2123	0.9076437	1.457826	0.21656768
2130	0.9056165	1.4579302	0.21902111
2139	0.9024778	1.4581989	0.22254145
2147	0.8988577	1.458474	0.22646208
2154	0.89404064	1.4587424	0.23144712
2163	0.8880301	1.4589685	0.23751494
2173	0.88185996	1.4591771	0.2436768
2181	0.87505513	1.4591353	0.2504336
2189	0.86694807	1.4589771	0.25847906
2197	0.8589525	1.4588021	0.26639655
2205	0.85047394	1.4586992	0.27477103
2213	0.84227747	1.458638	0.28284043
2223	0.8336604	1.4586251	0.2913443
2230	0.8250272	1.4586321	0.29991406
2238	0.8162452	1.4585942	0.30863574
2247	0.80691886	1.4585676	0.31784588
2255	0.7973628	1.4583576	0.32712975
2264	0.78740853	1.4581013	0.33657524
2274	0.7775087	1.4577848	0.34565613
2280	0.7684299	1.4574993	0.35358632
2290	0.7593646	1.4574364	0.36128956
2299	0.7501933	1.4575768	0.36900333
2306	0.74064064	1.4577283	0.37708962
2314	0.7303953	1.4579434	0.38597462
2324	0.71876687	1.4581374	0.39641982
2332	0.7039677	1.4585224	0.4100712
2341	0.68877727	1.4588522	0.4239799
2350	0.67476565	1.4594015	0.43654132
2356	0.6607021	1.4599929	0.448989
2364	0.64774704	1.4605684	0.46037692
2374	0.6341505	1.461202	0.47265887
2383	0.6172975	1.4616066	0.48847142
2390	0.5963441	1.4620247	0.5085079
2400	0.5731578	1.4622341	0.5306031
2407	0.5498969	1.4624263	0.5523585
2415	0.5269316	1.4625967	0.5734377
2423	0.50483406	1.4629937	0.59337735
2432	0.48465854	1.4633727	0.6112567
2441	0.46545795	1.4636483	0.62852466
2449	0.4434345	1.4637102	0.6492156
2457	0.41563654	1.4636025	0.67601395
2465	0.38644364	1.4633416	0.70420957
2474	0.35106578	1.4629096	0.73846155
2482	0.31277883	1.4625487	0.77518976
2491	0.27660078	1.4623216	0.8091287
2499	0.24631844	1.4626392	0.8367647
2518	0.22240826	1.4634718	0.8580667
2519	0.19889255	1.4640962	0.87938726
2524	0.17936854	1.4650164	0.8977968
2533	0.15794852	1.4655188	0.92003536
2541	0.13066152	1.4651638	0.94973004
2548	0.096941635	1.4636298	0.98688906
2556	0.058766834	1.4609277	1.0290544
2565	0.0231063	1.4581326	1.0682447
2575	-0.014123061	1.4547523	1.1077974
2582	-0.050082464	1.4509703	1.1449274
2590	-0.08359066	1.4472821	1.1785688
2598	-0.11327939	1.4440262	1.2075965
2608	-0.13887939	1.441357	1.2322041
2616	-0.16134456	1.4389087	1.2537186
2624	-0.17594674	1.437019	1.2677052
2634	-0.188554	1.435177	1.2803748
2641	-0.19968094	1.4333857	1.2922312
2650	-0.20920865	1.4316353	1.3029393
2658	-0.21748169	1.4299252	1.312644
2667	-0.22460198	1.4282833	1.3209344
2675	-0.23060006	1.4268295	1.3274472
2683	-0.23568547	1.4255868	1.3324808
2692	-0.24000263	1.424545	1.3364565
2700	-0.24262306	1.4237025	1.3386805
2708	-0.24363476	1.4230589	1.3396425
2718	-0.2442582	1.4225459	1.3408825
2726	-0.24453223	1.4219977	1.3425862
2735	-0.24438657	1.4216331	1.3436873
2744	-0.24434303	1.4212562	1.3450003
2752	-0.2443401	1.42092	1.3460435
2759	-0.24386077	1.4206927	1.3461155
2768	-0.24263807	1.4205425	1.345072
2776	-0.24079163	1.420392	1.3431402
2784	-0.23799324	1.4201797	1.3401084
2792	-0.23449376	1.4199618	1.3365726
2802	-0.23043099	1.4197572	1.3328649
2809	-0.22550118	1.4194937	1.3285292
2818	-0.2200033	1.4191993	1.3236446
2827	-0.21387875	1.4189655	1.3180642
2834	-0.20727724	1.4187182	1.3119262
2843	-0.199434	1.4183983	1.3048083
2851	-0.19096166	1.4179889	1.2974274
2860	-0.18158229	1.4173597	1.2897285
2868	-0.17192681	1.4165072	1.2823578
2876	-0.16195104	1.4154512	1.2754091
2885	-0.15313327	1.414488	1.2702641
2894	-0.14640374	1.4136533	1.2672881
2903	-0.14239502	1.4130181	1.2667129
2910	-0.1432569	1.4127921	1.2703327
2918	-0.14863521	1.4134134	1.2770064
2928	-0.15708049	1.4153472	1.2843862
2938	-0.17094845	1.4181393	1.2953999
2947	-0.18880804	1.4214879	1.3091564
2951	-0.21097994	1.4250818	1.3263947
2960	-0.23828942	1.428249	1.3490247
2968	-0.27218333	1.4305294	1.3795153
2977	-0.31122625	1.4320364	1.4164493
2988	-0.3547129	1.4329855	1.458588
2994	-0.40059093	1.433491	1.5034655
3006	-0.4464172	1.4339201	1.547617
3011	-0.49129736	1.4343876	1.5895141
3018	-0.53178674	1.434808	1.6258256
3029	-0.56667346	1.4352278	1.6553241
3035	-0.5950666	1.4356151	1.6776199
3043	-0.61843264	1.4356177	1.6954392
3052	-0.6327984	1.4359746	1.705337
3061	-0.6342352	1.4372162	1.7033856
3076	-0.625659	1.438921	1.6929712
3078	-0.6062668	1.4406842	1.6735308
3086	-0.57499707	1.4420966	1.6441072
3094	-0.5322651	1.4432161	1.6054282
3102	-0.47712684	1.4441224	1.5556272
3111	-0.41488802	1.4444848	1.4991368
3120	-0.3486058	1.444013	1.4386122
3128	-0.28032053	1.4424347	1.3752793
3136	-0.2107305	1.4399621	1.3095024
3144	-0.13851127	1.4368676	1.2397772
3153	-0.06615752	1.4331522	1.1684564
3161	0.0027460288	1.4289075	1.0997207
3170	0.06770095	1.4240917	1.034459
3179	0.1288312	1.4187902	0.97279686
3187	0.18672183	1.4129999	0.9144692
3196	0.23995203	1.4068452	0.86104494
3203	0.2890016	1.4003211	0.81200206
3212	0.33337638	1.3935796	0.7677328
3220	0.37252012	1.3868824	0.7286692
3229	0.40759176	1.3802747	0.6932398
3237	0.4384638	1.3739352	0.66098684
3247	0.46525145	1.36799	0.6317642
3254	0.48957637	1.3623616	0.60392696
3262	0.51274467	1.3568971	0.57625127
3271	0.5350508	1.3516171	0.5486669
3279	0.5570943	1.3462688	0.520833
3288	0.5782634	1.3406996	0.49406022
3296	0.5984163	1.3348515	0.46905318
3305	0.6175858	1.3286958	0.4460229
3313	0.6356778	1.3221823	0.42514545
3321	0.6522614	1.3153208	0.40698504
3330	0.6678486	1.3079585	0.39054984
3339	0.682062	1.3002651	0.3760026
3346	0.69491625	1.2924554	0.36323163
3355	0.7068063	1.2845557	0.35176596
3363	0.71756625	1.276652	0.34177628
3372	0.72739804	1.2687349	0.33286256
3380	0.73644173	1.2608335	0.3247782
3388	0.7446318	1.2528739	0.3175507
3397	0.751571	1.2449825	0.3113979
3410	0.7570585	1.2373925	0.3062025
3413	0.7615265	1.2303191	0.30143937
3421	0.7656478	1.2238741	0.296057
3430	0.7699673	1.2176431	0.289428
3438	0.77409196	1.2116319	0.28236198
3447	0.7774543	1.2056876	0.27587673
3455	0.7797184	1.2000573	0.2708102
3463	0.7810852	1.1947898	0.26726514
3472	0.78123504	1.1906807	0.26554802
3482	0.7807476	1.1877985	0.26443267
3489	0.78025115	1.1860111	0.26273486
3498	0.7791653	1.1858013	0.26111686
3505	0.7772825	1.1868901	0.26010284
3514	0.77462137	1.1890144	0.25977567
3522	0.7707536	1.1925031	0.2607323
3532	0.765366	1.1977916	0.263066
3542	0.7580169	1.205328	0.26706254
3547	0.7486477	1.213634	0.2727068
3556	0.7371267	1.2210696	0.28062448
3564	0.7225279	1.2265342	0.2936587
3573	0.70595783	1.229291	0.31102273
3581	0.6942536	1.2286935	0.32381472
3589	0.6858444	1.2271969	0.33233422
3599	0.6764971	1.2276509	0.3408366
3607	0.6664674	1.2303945	0.34849462
3615	0.65660936	1.2356911	0.35265535
3623	0.6443378	1.2435962	0.35614303
3631	0.6305385	1.2527345	0.35873446
3640	0.61451805	1.2623597	0.36200476
3648	0.59506464	1.2720709	0.37028018
3659	0.5717025	1.2815137	0.38515428
3665	0.54543984	1.290514	0.4064527
3674	0.51812863	1.2990582	0.4334821
3682	0.4895933	1.306525	0.4651356
3690	0.45940962	1.3127071	0.50088257
3700	0.42839554	1.317835	0.5390331
3708	0.3995062	1.3219633	0.5744426
3715	0.3724425	1.3257046	0.6060351
3724	0.3462261	1.3292707	0.63454443
3732	0.32088518	1.3327217	0.6599695
3741	0.29663154	1.3362188	0.6826655
3749	0.27306485	1.3398144	0.7043491
3758	0.24853101	1.343302	0.72789437
3765	0.2219281	1.3464938	0.75518245
3775	0.18849003	1.3497279	0.7924705
3784	0.16251832	1.3519436	0.8235874
3791	0.13019413	1.3541231	0.86365277
3799	0.09609501	1.3560522	0.9063958
3809	0.0616318	1.3578936	0.9489855
3817	0.027463533	1.3598304	0.99006385
3825	-0.005584759	1.3618808	1.0285797
3833	-0.038550846	1.3638525	1.0659425
3841	-0.07119628	1.3658319	1.1025045
3849	-0.104415126	1.3676881	1.140091
3859	-0.13810083	1.3692664	1.1791208
3866	-0.17258206	1.3706114	1.2198873
3874	-0.20812297	1.371703	1.262274
3884	-0.24447595	1.3726131	1.3060167
3892	-0.2829021	1.3733516	1.3523349
3902	-0.31829306	1.3737683	1.394858
3911	-0.35499582	1.373895	1.4387891
3917	-0.39255437	1.3737336	1.4836167
3925	-0.42979956	1.3733723	1.5277404
3935	-0.46794444	1.3729069	1.5724552
3942	-0.50603455	1.3722876	1.6168419
3950	-0.54486054	1.3714765	1.661366
3960	-0.58413446	1.3704649	1.7057115
3969	-0.6229958	1.3693105	1.7492675
3976	-0.6622347	1.3680216	1.7931225
3986	-0.70099354	1.3664713	1.8365227
3994	-0.739064	1.3645571	1.8793246
4001	-0.77664447	1.3623005	1.9218632
4009	-0.81405896	1.3595926	1.9644241
4019	-0.85206926	1.3563622	2.0075963
4026	-0.8898703	1.3528818	2.0500576
4034	-0.92748976	1.349203	2.0916305
4044	-0.965167	1.3452202	2.1326053
4051	-1.0018938	1.3409472	2.17205
4061	-1.0375956	1.3362327	2.2102172
4068	-1.0723706	1.3311017	2.2472796
4077	-1.1055529	1.3256603	2.2825
4084	-1.1379089	1.3198683	2.3164532
4093	-1.1694211	1.3139535	2.3487124
4102	-1.200419	1.3078709	2.3797224
4109	-1.2307122	1.3016574	2.4094367
4117	-1.2602713	1.2953446	2.4379032
4126	-1.2889535	1.2888474	2.4652805
4139	-1.3170581	1.2821974	2.4922972
4142	-1.3441458	1.2754662	2.5188212
4151	-1.3700219	1.268535	2.544935
4159	-1.3946195	1.2613517	2.5705628
4168	-1.417677	1.253845	2.5951257
4176	-1.4393547	1.246083	2.6185265
4185	-1.4599472	1.2382449	2.6406555
4193	-1.4799476	1.2303725	2.6618996
4201	-1.4995462	1.2224503	2.6825953
4210	-1.5185728	1.2143451	2.7026033
4218	-1.5375228	1.2057873	2.7223964
4227	-1.5570456	1.1968005	2.7425144
4235	-1.5781729	1.1873515	2.7636254
4243	-1.6003826	1.1771256	2.7852452
4252	-1.6225287	1.1661536	2.8067377
4261	-1.6435308	1.1551074	2.8273568
4268	-1.6629572	1.1441857	2.8467534
4278	-1.6810716	1.1331168	2.8651764
4286	-1.6984468	1.1215918	2.8832474
4294	-1.7152028	1.1098099	2.9008164
4302	-1.7317104	1.0976154	2.9179187
4311	-1.7479466	1.0850188	2.9345033
4319	-1.7634289	1.0720624	2.950172
4328	-1.7781749	1.0587789	2.9650388
4339	-1.792526	1.0453684	2.9796708
4345	-1.8065492	1.031813	2.9944777
4353	-1.8203274	1.0181	3.0102074
4362	-1.8336036	1.0042077	3.0272737
4370	-1.8461679	0.99007916	3.045101
4378	-1.8579602	0.9754378	3.063391
4387	-1.8689791	0.95987445	3.0817778
4395	-1.8794429	0.9430454	3.099096
4403	-1.8898181	0.9248785	3.1137319
4412	-1.9003786	0.9054183	3.125587
4420	-1.9108843	0.8843228	3.1343002
4428	-1.9210247	0.8624886	3.1398454
4437	-1.9306309	0.840449	-3.1401017
4445	-1.9395516	0.8199701	-3.138307
4454	-1.9478036	0.8017002	-3.136756
4462	-1.9553946	0.7850448	-3.1357217
4471	-1.9628342	0.7690578	-3.1349394
4479	-1.9706044	0.7531853	-3.1341631
4487	-1.9786963	0.7379845	-3.1328413
4498	-1.9871747	0.7239972	-3.1312172
4505	-1.9963839	0.7104942	-3.1307697
4513	-2.0057213	0.69858116	-3.1317372
4521	-2.0136952	0.6887389	-3.134519
4529	-2.0200682	0.6829609	-3.139696
4538	-2.025846	0.68168646	3.136685
4547	-2.031195	0.6830235	3.1305997
4554	-2.036192	0.68688637	3.1270351
4564	-2.0413156	0.69305044	3.1269355
4573	-2.046639	0.701377	3.130522
4580	-2.051598	0.7124722	3.1358542
4589	-2.055556	0.72588867	3.1414256
4597	-2.0586233	0.74169356	-3.1365077
4605	-2.0616903	0.75974923	-3.1320012
4613	-2.0654845	0.7795433	-3.1288495
4622	-2.0703003	0.80144066	-3.1268861
4630	-2.0753882	0.8248441	-3.1271765
4638	-2.080147	0.8499714	-3.13027
4648	-2.0841055	0.87690693	-3.136507
4655	-2.087158	0.9058471	3.1370497
4664	-2.0896704	0.93715376	3.125997
4672	-2.0916672	0.9699944	3.1145675
4681	-2.0929432	1.0042224	3.1026769
4689	-2.0924551	1.0400226	3.0891871
4698	-2.088259	1.07662	3.0723763
4707	-2.0797672	1.113904	3.050998
4715	-2.067017	1.15111	3.0240326
4723	-2.0492456	1.1883636	2.9907234
4731	-2.0258956	1.2257618	2.950563
4740	-1.9963024	1.2627214	2.903308
4750	-1.9574842	1.2996093	2.846621
4756	-1.9042107	1.3362677	2.776448
4765	-1.8294852	1.3718996	2.6868806
4773	-1.7203826	1.405951	2.5665271
4781	-1.5559018	1.4366945	2.3950822
4790	-1.3053331	1.4609299	2.142359
4798	-0.9522659	1.4735588	1.7928493
4806	-0.57138735	1.4708693	1.4188383
4814	-0.26349097	1.4549801	1.1196682
4826	-0.026083557	1.4264963	0.8942471
4831	0.0822961	1.4036435	0.7948454
4839	0.1742715	1.3750945	0.7131083
4848	0.2402547	1.3464726	0.65662426
4856	0.2904749	1.3183824	0.6152756
4865	0.33036393	1.2913601	0.58382285
4874	0.36426455	1.2658459	0.5581686
4887	0.39330187	1.242582	0.5370396
4891	0.4159287	1.2224106	0.52168787
4899	0.43263862	1.2048993	0.5111985
4907	0.44354177	1.190527	0.5052447
4916	0.44930324	1.1795816	0.50299144
4924	0.4506456	1.1725582	0.50294894
4933	0.4458636	1.1712217	0.5067907
4941	0.4373068	1.1740725	0.5124313
4950	0.42536652	1.1807249	0.5203827
4958	0.40872616	1.1900954	0.5316252
4967	0.3871649	1.1990776	0.546392
4974	0.36363286	1.2052935	0.563226
4982	0.34297034	1.2083913	0.5792599
4991	0.3260531	1.2105187	0.59291106
5001	0.31615585	1.213263	0.5973199
5010	0.30927578	1.2195894	0.59412414
5017	0.3026559	1.2283386	0.58671826
5025	0.29389113	1.2382146	0.57944435
5033	0.28208384	1.2489898	0.57464457
5041	0.2666927	1.2600111	0.57547945
5050	0.24419273	1.270319	0.5889373
5059	0.2110238	1.27849	0.6186471
5068	0.16826428	1.2846973	0.6622603
5075	0.119998604	1.2895415	0.71471536
5083	0.07299236	1.2942746	0.7676189
5094	0.030130692	1.2996255	0.81586856
5100	-0.009404569	1.3053111	0.85827357
5108	-0.047220506	1.3106676	0.8957655
5117	-0.08363327	1.3156574	0.929207
5125	-0.11865806	1.3203458	0.96042997
5135	-0.15300974	1.3247895	0.9910955
5142	-0.18714531	1.3286988	1.0220761
5150	-0.22245188	1.3317806	1.054824
5161	-0.25913942	1.3339626	1.089858
5169	-0.29659545	1.3354259	1.1274486
5178	-0.33394745	1.3364415	1.1667672
5184	-0.37102696	1.3371154	1.2069418
5193	-0.40718663	1.3373622	1.2469819
5201	-0.44211006	1.3371303	1.2861525
5211	-0.47604424	1.336517	1.3249397
5219	-0.50898224	1.335555	1.3634493
5228	-0.5403279	1.334306	1.400885
5235	-0.5706182	1.3328956	1.4374955
5244	-0.60027	1.331468	1.4731636
5252	-0.62926257	1.3301008	1.5074004
5259	-0.658411	1.3286692	1.5410944
5268	-0.68759024	1.3272539	1.5743835
5276	-0.7175355	1.3257065	1.6084106
5285	-0.7490288	1.3237925	1.6442778
5293	-0.78120995	1.3215638	1.6810085
5301	-0.81420463	1.3190647	1.7185788
5309	-0.8471945	1.3164651	1.7557154
5318	-0.8801508	1.313753	1.7923362
5326	-0.9132821	1.3108011	1.8288646
5335	-0.94609785	1.3076452	1.864967
5343	-0.9785427	1.3042941	1.9006468
5352	-1.0104929	1.3007826	1.935576
5360	-1.0423375	1.2972267	1.970034
5367	-1.0730083	1.2935482	2.0030074
5376	-1.1026566	1.2896985	2.0346813
5384	-1.1313926	1.2857239	2.0652556
5393	-1.1593728	1.2815692	2.0951123
5401	-1.1863614	1.2772459	2.1241274
5410	-1.2128589	1.2726346	2.1527653
5429	-1.2385281	1.2678558	2.1803887
5429	-1.26338	1.2629143	2.2068782
5435	-1.2875639	1.2576994	2.2322848
5443	-1.3110633	1.2524016	2.25655
5452	-1.3338996	1.2470568	2.2799995
5462	-1.3557215	1.2416133	2.3027792
5469	-1.3764989	1.2359695	2.3250756
5477	-1.3967057	1.2301115	2.3473756
5485	-1.4165217	1.2240309	2.3698452
5494	-1.4360663	1.2176473	2.3923814
5503	-1.4553891	1.2110115	2.414909
5511	-1.4748763	1.2040187	2.4376464
5519	-1.494435	1.1967031	2.4600656
5529	-1.5137893	1.1889642	2.481839
5537	-1.5325211	1.1808815	2.5028787
5545	-1.5498549	1.1728796	2.5225916
5554	-1.5662895	1.1648697	2.5414536
5562	-1.5820605	1.1568208	2.5597627
5570	-1.5973166	1.1486855	2.5776453
5579	-1.6122051	1.1402977	2.5950994
5588	-1.6268958	1.1315111	2.6122825
5595	-1.6415075	1.12229	2.6292818
5603	-1.6558319	1.112758	2.645946
5612	-1.6698539	1.102723	2.662397
5621	-1.6837292	1.091944	2.678907
5629	-1.6969767	1.0805594	2.695178
5638	-1.7096733	1.0686653	2.7112534
5646	-1.7217143	1.0563089	2.7270381
5654	-1.7330153	1.0434291	2.74292
5663	-1.7439762	1.0298918	2.759158
5671	-1.7551537	1.0158536	2.7760813
5679	-1.7664617	1.0013329	2.793441
5688	-1.7773266	0.98660976	2.8107896
5696	-1.7877445	0.97155863	2.828787
5705	-1.7980626	0.9559837	2.8476691
5715	-1.8086196	0.93980634	2.8678546
5721	-1.8188682	0.9234149	2.8885806
5730	-1.8280597	0.90614945	2.9092257
5738	-1.8352821	0.8882251	2.9286344
5746	-1.8404727	0.86839336	2.9453769
5756	-1.8433201	0.8470116	2.9581466
5765	-1.8439746	0.8253605	2.967384
5773	-1.8436096	0.8047413	2.9742672
5781	-1.8427764	0.7861769	2.9805715
5788	-1.8427274	0.7698912	2.9887176
5798	-1.84499	0.75433725	2.9992397
5805	-1.8487161	0.7393014	3.0105543
5815	-1.852836	0.7257642	3.0217414
5822	-1.8574162	0.71168494	3.032787
5831	-1.86119	0.69766086	3.0419865
5840	-1.8622905	0.6848672	3.0487566
5847	-1.8594756	0.67511636	3.052651
5856	-1.8538122	0.66886	3.0541878
5865	-1.8469701	0.66546935	3.0540078
5873	-1.8411257	0.6643566	3.0531328
5882	-1.8366482	0.666249	3.0526605
5890	-1.8327304	0.67183316	3.0532885
5898	-1.8288385	0.67994016	3.0543993
5906	-1.8246766	0.69054097	3.0555866
5916	-1.819218	0.7034035	3.0559497
5923	-1.8120004	0.71799356	3.055307
5933	-1.8035815	0.73513484	3.0538983
5941	-1.7946203	0.7546324	3.0516548
5948	-1.785251	0.77646923	3.048556
5958	-1.7751713	0.8005698	3.0443807
5965	-1.7639376	0.82641137	3.038523
5973	-1.7510227	0.854388	3.0305977
5981	-1.7356975	0.8838579	3.0200214
5990	-1.7164915	0.91626	3.0054379
5998	-1.6969134	0.9469968	2.9892018
6007	-1.6742523	0.98028463	2.96894
6016	-1.6490126	1.0147735	2.945467
6025	-1.6210631	1.0502807	2.9187834
6033	-1.589804	1.0866655	2.8885245
6039	-1.5543338	1.1232721	2.854322
6048	-1.512775	1.1598538	2.8149076
6057	-1.4623884	1.1965607	2.7678945
6065	-1.4014398	1.2323033	2.7119436
6075	-1.3269626	1.2669874	2.6441667
6082	-1.2353492	1.3003091	2.5612326
6091	-1.1221379	1.3314208	2.459671
6105	-0.97866666	1.3593044	2.3302581
6109	-0.8010992	1.381872	2.1683505
6116	-0.58590156	1.397323	1.970201
6123	-0.34658843	1.4038123	1.748149
6131	-0.10671844	1.4012389	1.5252154
6140	0.109397106	1.3909935	1.3253626
6148	0.29268283	1.374918	1.1573285
6156	0.44089028	1.3549476	1.0232052
6165	0.55876607	1.3320524	0.91871834
6173	0.6516738	1.3077197	0.8386815
6182	0.7232066	1.2840197	0.7795725
6190	0.78012234	1.2616758	0.73478377
6199	0.82692975	1.2407738	0.69996667
6207	0.865842	1.2216029	0.6732003
6215	0.898511	1.2051916	0.6530025
6224	0.9230795	1.1923306	0.6415696
6232	0.9399665	1.182277	0.6386754
6241	0.94876224	1.1757637	0.6438235
6249	0.9507447	1.1732299	0.6547812
6266	0.9480686	1.1746097	0.66897905
6267	0.93842685	1.1807891	0.687997
6274	0.92321485	1.1894016	0.71024907
6282	0.90520364	1.1983279	0.7334618
6290	0.8838813	1.2058177	0.7588536
6299	0.86647767	1.2089934	0.7814348
6307	0.8548328	1.209023	0.80128944
6316	0.84949505	1.2087342	0.8144159
6324	0.84421384	1.210252	0.82454264
6333	0.8358078	1.213198	0.833118
6342	0.82279885	1.2179251	0.84040827
6353	0.80595464	1.2247322	0.8447491
6359	0.78824013	1.233276	0.8433481
6368	0.7689338	1.2436916	0.8413364
6377	0.74694896	1.2536008	0.845015
6384	0.72030157	1.2617897	0.85820997
6392	0.68815166	1.2680798	0.88266456
6404	0.65242004	1.2727467	0.9171911
6409	0.6164938	1.2766478	0.9555817
6418	0.58235544	1.2803493	0.99408275
6429	0.5502315	1.2842079	1.0316943
6435	0.5207842	1.2875786	1.0663106
6443	0.4937621	1.2904375	1.0975397
6451	0.4686183	1.2928004	1.1258863
6460	0.44364312	1.294749	1.152831
6468	0.4181617	1.2962593	1.1791378
6478	0.39214405	1.29744	1.2058709
6486	0.36602628	1.298508	1.2336206
6494	0.33928952	1.2994457	1.263292
6502	0.31153384	1.3000573	1.2956439
6510	0.28352943	1.3002635	1.3297958
6519	0.25538233	1.3001895	1.3652321
6527	0.22773457	1.2999732	1.400591
6535	0.2002606	1.299549	1.435339
6543	0.17249824	1.2988677	1.4692504
6552	0.14402175	1.2980787	1.5026231
6560	0.114658795	1.2974714	1.5356739
6568	0.08509249	1.2971663	1.5678129
6577	0.05447818	1.2968335	1.600653
6585	0.023279164	1.2961853	1.6342582
6594	-0.0080503365	1.295068	1.6684787
6602	-0.0397646	1.2935482	1.7038707
6611	-0.0710157	1.2918282	1.739381
6619	-0.1023931	1.2899024	1.7750347
6628	-0.13370813	1.2876943	1.8103702
6637	-0.16454543	1.2851558	1.8450612
6645	-0.19493985	1.2823348	1.8794148
6653	-0.22497281	1.2792826	1.9136275
6662	-0.25434422	1.2760653	1.9472432
6670	-0.2830177	1.2726756	1.9798586
6678	-0.3107484	1.2691592	2.0111291
6688	-0.33740965	1.2655205	2.040984
6695	-0.36347544	1.2617772	2.0699282
6704	-0.38826793	1.2579594	2.097428
6712	-0.41233358	1.2539618	2.1243925
6720	-0.43541083	1.2498034	2.1505733
6729	-0.4579234	1.2454196	2.1762385
6740	-0.4798324	1.2408817	2.2012694
6747	-0.5012962	1.2362212	2.225702
6754	-0.52250016	1.2314445	2.2496905
6762	-0.54341716	1.2265898	2.2732453
6771	-0.56372803	1.2215096	2.2961724
6779	-0.5825076	1.2163116	2.3177419
6787	-0.59937704	1.2110893	2.3380103
6796	-0.6144308	1.2058707	2.3573396
6804	-0.6281083	1.2005167	2.3758595
6814	-0.6405939	1.1951687	2.3933017
6821	-0.6520229	1.1898801	2.409605
6829	-0.6626585	1.1846249	2.4250236
6839	-0.6726532	1.17928	2.439906
6846	-0.6820952	1.1737877	2.4544408
6854	-0.69116646	1.1679928	2.4689388
6863	-0.7002316	1.1618167	2.4837062
6871	-0.70938545	1.155312	2.4985423
6881	-0.71864456	1.1484718	2.5131898
6889	-0.7284028	1.1410943	2.5279033
6897	-0.7384802	1.1332337	2.5424159
6905	-0.7486992	1.1249936	2.5565596
6914	-0.75905704	1.1162963	2.5705552
6922	-0.7694321	1.1070884	2.58458
6932	-0.7798988	1.0973914	2.598961
6940	-0.7901903	1.0871091	2.613906
6947	-0.7999262	1.0761039	2.6290953
6955	-0.80881345	1.0644206	2.6443608
6964	-0.8169242	1.0520426	2.6598287
6972	-0.8251369	1.038995	2.675777
6982	-0.83355474	1.0255268	2.692091
6990	-0.8419428	1.0117326	2.7085009
6999	-0.85001117	0.9975166	2.7252276
7007	-0.857308	0.9826813	2.7424667
7014	-0.8644377	0.9674006	2.7609315
7022	-0.8717365	0.9515679	2.78153
7032	-0.878655	0.93525565	2.803586
7039	-0.8843668	0.9165579	2.8270657
7047	-0.88650346	0.8990242	2.8461597
7056	-0.886368	0.8788506	2.8650453
7065	-0.8833722	0.85731226	2.8807464
7072	-0.87804127	0.83576727	2.8931067
7081	-0.8720987	0.8151037	2.9030375
7089	-0.86659926	0.7970055	2.9119482
7100	-0.8616243	0.78266144	2.9219291
7106	-0.85836023	0.7701445	2.934949
7114	-0.85767424	0.7573702	2.9521475
7123	-0.8586656	0.74468786	2.9730585
7133	-0.8600736	0.7315016	2.9956548
7141	-0.85928774	0.7191255	3.0160823
7148	-0.8535972	0.7081907	3.0326447
7156	-0.842769	0.7002942	3.0457318
7166	-0.82892513	0.6954897	3.0558367
7173	-0.8155053	0.6932198	3.0622761
7183	-0.8036377	0.69437087	3.0661213
7191	-0.79272604	0.6985533	3.0683417
7198	-0.7824357	0.7053742	3.0692377
7208	-0.77208924	0.71453905	3.069085
7217	-0.76132673	0.7265143	3.0672662
7223	-0.75009906	0.74149764	3.0643709
7233	-0.7382898	0.7579866	3.0606844
7240	-0.72580594	0.77633446	3.0560665
7249	-0.7126994	0.79685026	3.050143
7257	-0.69878036	0.8191932	3.0427382
7268	-0.6837572	0.84371156	3.0342143
7274	-0.6671755	0.86996686	3.0245113
7284	-0.64860034	0.89782387	3.0132554
7293	-0.6278862	0.9267851	3.0000799
7301	-0.60431397	0.9568862	2.9842656
7309	-0.5777405	0.98852867	2.96533
7317	-0.5484327	1.0213196	2.9429035
7324	-0.51628155	1.0551039	2.9167407
7334	-0.48130533	1.0897794	2.886974
7343	-0.44298953	1.1251397	2.8534315
7352	-0.40005276	1.1610124	2.8155315
7358	-0.35120592	1.1971406	2.7725682
7367	-0.29328546	1.2333808	2.7215905
7374	-0.2223237	1.2688744	2.6589494
7383	-0.13396594	1.3029994	2.580454
7391	-0.022142569	1.3348339	2.480426
7401	0.12234397	1.3633944	2.3507826
7409	0.3039985	1.3866532	2.1861248
7417	0.52661794	1.4031591	1.9821054
7425	0.77804345	1.4112942	1.750013
7433	1.0354898	1.4102665	1.511286
7443	1.2714853	1.4004259	1.2920362
7450	1.4641347	1.3836455	1.1137866
7458	1.6168346	1.36215	0.9729626
7468	1.7375561	1.3379246	0.8615067
7475	1.8328094	1.3129721	0.77433884
7484	1.912146	1.2883162	0.7041534
7494	1.9765625	1.2658669	0.65084094
7501	2.0276272	1.2469395	0.6129074
7509	2.0693545	1.2300795	0.58648664
7517	2.0991538	1.2145897	0.5726663
7525	2.1154385	1.2014596	0.5726774
7534	2.120498	1.1929797	0.58369195
7544	2.1203437	1.1887803	0.5997853
7551	2.1147988	1.1896968	0.6204762
7559	2.1043303	1.1944362	0.64367497
7567	2.0913565	1.1994237	0.66391957
7578	2.0781763	1.2026107	0.6797344
7590	2.0747867	1.2020074	0.6833065
7594	2.0718672	1.2031199	0.6840682
7605	2.0641165	1.2074363	0.6848001
7619	2.0544045	1.2142781	0.68141836
7620	2.0426354	1.2234527	0.6768866
7625	2.0276356	1.2341723	0.6736977
7633	2.0086188	1.2456132	0.6730005
7642	1.9876419	1.2573538	0.6744858
7650	1.9624381	1.2674698	0.68584245
7658	1.9338701	1.2755216	0.70793194
7667	1.9053671	1.2826643	0.7364427
7675	1.8781147	1.2892331	0.76918846
7684	1.8514898	1.2947625	0.804146
7692	1.8230597	1.2988728	0.8417393
7701	1.794243	1.3017524	0.8785481
7709	1.7665887	1.3042554	0.9124361
7717	1.7404848	1.3068452	0.9428722
7726	1.7152388	1.3098279	0.9705328
7734	1.6899743	1.313118	0.99647677
7743	1.6639128	1.3162054	1.0223467
7751	1.6367593	1.3192958	1.0495946
7760	1.6084838	1.322491	1.0793594
7769	1.5784138	1.3257773	1.1133002
7777	1.5461532	1.3288769	1.1517689
7785	1.5115466	1.3316327	1.1939453
7794	1.475361	1.3340893	1.2382112
7802	1.4375339	1.3362244	1.2836081
7811	1.3981693	1.3381977	1.3292705
7819	1.3578631	1.3400278	1.3743277
7827	1.3164599	1.3417068	1.4191153
7836	1.2740902	1.3432475	1.463613
7844	1.2312868	1.3445127	1.5080242
7853	1.1886294	1.3455167	1.5520513
7861	1.1462482	1.3462954	1.5956295
7870	1.10444	1.3468323	1.6385398
7878	1.063153	1.3470495	1.681007
7886	1.0219758	1.346811	1.7236176
7894	0.98038286	1.3460548	1.7670076
7902	0.93854624	1.3448743	1.8109725
7912	0.89672357	1.3432833	1.8549955
7920	0.8550375	1.3412482	1.8986886
7928	0.81278926	1.3386649	1.9427078
7937	0.77077824	1.3355274	1.9863977
7945	0.72891754	1.331851	2.0299244
7953	0.6872977	1.3277832	2.0731573
7962	0.64640063	1.3233428	2.115566
7970	0.6069365	1.318459	2.156517
7979	0.56970197	1.3131815	2.1953247
7992	0.53496546	1.3076633	2.2317216
7996	0.50263864	1.3020192	2.2657185
8004	0.4724567	1.2963132	2.2976463
8014	0.4443176	1.2906463	2.327605
8023	0.41750324	1.2848545	2.3561563
8031	0.39224532	1.2790334	2.3830216
8038	0.36858878	1.2731475	2.4081423
8046	0.3463738	1.2671447	2.431734
8054	0.3254671	1.2610289	2.4540899
8063	0.30555618	1.2548007	2.4756844
8071	0.2865364	1.2484769	2.4967167
8082	0.26812154	1.2421426	2.5173697
8088	0.24925101	1.2354052	2.5386443
8097	0.23239756	1.2290102	2.5577095
8104	0.21526392	1.2220879	2.5772448
8113	0.19840118	1.2148076	2.5966177
8124	0.18172511	1.2071881	2.6160166
8137	0.16482231	1.199261	2.6358492
8137	0.14771207	1.1908311	2.6558504
8145	0.1306701	1.181914	2.6757255
8154	0.113693334	1.1725712	2.6954727
8162	0.09686515	1.1627178	2.7150347
8170	0.08021219	1.152446	2.7344246
8179	0.063533895	1.1414231	2.753927
8188	0.047762673	1.1299914	2.7726948
8197	0.032722224	1.1179997	2.7909994
8205	0.018185006	1.1056724	2.8088806
8214	0.003420222	1.0928271	2.8269658
8222	-0.01108847	1.0795223	2.8446572
8231	-0.024833545	1.0657475	2.8615963
8239	-0.037701793	1.0515996	2.8778634
8248	-0.049703863	1.0371761	2.8939686
8256	-0.060530253	1.0223432	2.9106376
8265	-0.070042275	1.0070664	2.9278805
8273	-0.07771765	0.9914655	2.9459612
8281	-0.083440155	0.97569776	2.965364
8289	-0.08678863	0.95987105	2.985989
8298	-0.08696425	0.942798	3.0070453
8306	-0.084468104	0.923183	3.0277576
8315	-0.079705164	0.90144956	3.0462155
8323	-0.07345883	0.8782294	3.06109
8331	-0.066746466	0.8549432	3.0708103
8339	-0.060131297	0.8346073	3.075546
8348	-0.05384639	0.8180369	3.0794396
8357	-0.04868204	0.803651	3.086084
8365	-0.045453493	0.78893846	3.0964434
8374	-0.044413973	0.77509815	3.10958
8384	-0.044905968	0.7617501	3.1249888
8390	-0.04438111	0.7483461	3.1395414
8398	-0.04045547	0.7360067	-3.131358
8407	-0.033322673	0.7262995	-3.121092
8415	-0.024698697	0.72069395	-3.1135077
8425	-0.015731523	0.7184613	-3.1081777
8434	-0.0070670624	0.7180401	-3.1040156
8442	0.0010172606	0.7202202	-3.1017327
8450	0.008533625	0.72612035	-3.1011698
8457	0.015018123	0.73442817	-3.103186
8465	0.02094869	0.74510115	-3.1079733
8474	0.027071536	0.7582717	-3.1155984
8483	0.033575978	0.7736874	-3.1267712
8494	0.040445603	0.7918457	-3.1402974
8501	0.047756683	0.81172657	3.128153
8508	0.05593848	0.83362025	3.1120303
8516	0.06517915	0.85734355	3.0945046
8526	0.075539894	0.8832496	3.0752177
8534	0.08714451	0.9116267	3.0543633
8543	0.100406356	0.9421689	3.0321314
8552	0.11550428	0.9745381	3.0089583
8558	0.13275939	1.00871	2.9853153
8567	0.15234534	1.0442849	2.962172
8575	0.17536917	1.0816925	2.937884
8583	0.2030442	1.1205112	2.91073
8592	0.2360554	1.1595453	2.8797543
8600	0.27671474	1.199014	2.8421533
8609	0.32811192	1.2384242	2.794763
8617	0.39461398	1.2777131	2.732844
8625	0.4805929	1.3156978	2.6521833
8633	0.5958631	1.3519002	2.5433633
8642	0.75526595	1.3848712	2.3922677
8651	0.96984726	1.411245	2.1884437
8659	1.2459323	1.427869	1.9248421
8667	1.5585097	1.4316392	1.626053
8676	1.8521947	1.422406	1.3471596
8684	2.089554	1.4035711	1.1249774
8692	2.2663774	1.3793528	0.963259
8700	2.391507	1.3529016	0.85259235
8710	2.4830709	1.3253467	0.774299
8718	2.549022	1.2986459	0.71989405
8726	2.5983884	1.2735283	0.6801385
8734	2.6366878	1.250873	0.64917684
8743	2.6647038	1.2318088	0.6271969
8751	2.6873057	1.2163067	0.6104383
8759	2.7049994	1.2043718	0.5987583
8768	2.7160988	1.1959392	0.59358144
8777	2.7197137	1.1911292	0.5949219
8785	2.7145557	1.1908312	0.603154
8795	2.7037778	1.1941441	0.6147194
8803	2.6891491	1.2000862	0.628127
8810	2.6721694	1.2074348	0.641132
8818	2.6548212	1.2134036	0.65058196
8827	2.6422567	1.2156358	0.65347314
8835	2.6381385	1.2148741	0.64831835
8844	2.6347373	1.2165599	0.6411774
8851	2.630532	1.2214397	0.63040656
8860	2.6312542	1.2296402	0.61080194
8868	2.6343074	1.2402668	0.5866887
8877	2.6330843	1.251378	0.56727713
8885	2.6238093	1.2626393	0.558337
8893	2.6023054	1.2727265	0.56598836
8902	2.5687797	1.2803627	0.5907807
8910	2.5228944	1.2848511	0.6328042
8919	2.478431	1.2886041	0.67827374
8927	2.446314	1.2938685	0.7142439
8936	2.422825	1.3002625	0.74249214
8944	2.4033303	1.3068004	0.76613915
8952	2.38278	1.312019	0.7894483
8961	2.3590643	1.3157096	0.8163575
8969	2.3350184	1.3187517	0.84552246
8979	2.3100634	1.3217851	0.8777395
8987	2.283482	1.3246794	0.91264445
8996	2.2541745	1.3273091	0.9492143
9003	2.2236671	1.3298321	0.98473436
9011	2.1922657	1.3326241	1.0197507
9020	2.1604867	1.3356969	1.05518
9029	2.128715	1.3388785	1.0910988
9036	2.095582	1.3419901	1.1292145
9045	2.0615711	1.3449185	1.1690371
9052	2.0266454	1.3477031	1.2101856
9061	1.9914997	1.350291	1.2512763
9070	1.9556466	1.3528043	1.2925423
9080	1.9184011	1.3552742	1.3342971
9088	1.8802148	1.3576078	1.375712
9095	1.839238	1.359792	1.419248
9103	1.7964431	1.3617061	1.464055
9111	1.7515471	1.3633114	1.5104775
9120	1.7045408	1.3644242	1.5589298
9130	1.6562253	1.3649622	1.6089917
9138	1.6018627	1.3649234	1.6656649
9145	1.5542271	1.3643596	1.7154564
9154	1.5018872	1.3632804	1.7701132
9162	1.4492117	1.3618357	1.82469
9170	1.3960447	1.3600315	1.8792543
9180	1.3423326	1.3577025	1.9340688
9189	1.2896531	1.3547223	1.987575
9203	1.2372063	1.3510045	2.040711
9205	1.1850213	1.3466332	2.093656
9212	1.1338571	1.3417648	2.1455052
9221	1.0837828	1.3362772	2.196135
9231	1.0376621	1.3303859	2.2426124
9240	0.9957187	1.3242584	2.2846024
9247	0.95770884	1.3179333	2.3222713
9254	0.92315733	1.3114357	2.3562906
9263	0.89143217	1.3049891	2.387632
9271	0.8627498	1.2986996	2.4163463
9280	0.8358611	1.2923303	2.4437642
9289	0.81088567	1.2858139	2.4697652
9299	0.78799176	1.2790823	2.4942358
9307	0.76706755	1.272222	2.5170305
9314	0.7470021	1.2651138	2.539101
9322	0.7278204	1.2578058	2.5603502
9335	0.70940095	1.2503166	2.5807235
9338	0.6918453	1.2427667	2.5999362
9348	0.67463183	1.2350175	2.6185265
9357	0.65747154	1.2272873	2.6368198
9363	0.6403966	1.2196093	2.6549535
9372	0.6237253	1.2119286	2.6727352
9382	0.6070081	1.2040169	2.6906276
9389	0.59056216	1.1959208	2.7083344
9397	0.5738942	1.1874729	2.726406
9405	0.5572255	1.1785786	2.7445273
9414	0.5406409	1.1691977	2.7627156
9422	0.5240788	1.1591972	2.7810752
9432	0.50783783	1.1485851	2.7991428
9440	0.49158534	1.1372265	2.8171856
9449	0.47558078	1.1250633	2.834873
9456	0.45972407	1.1123	2.8522995
9464	0.44400367	1.0989702	2.8693986
9472	0.42866382	1.0851638	2.8859596
9483	0.41396365	1.0708088	2.902057
9491	0.40033832	1.0559282	2.9174995
9499	0.38716042	1.0402569	2.9335616
9506	0.3750809	1.0242089	2.949763
9514	0.36451328	1.0075521	2.9662683
9523	0.35607538	0.9905826	2.9835706
9534	0.34933108	0.973084	3.0019073
9542	0.34410673	0.95577055	3.0216377
9550	0.34087628	0.9376915	3.0423336
9558	0.34027255	0.9180961	3.0619857
9565	0.34237123	0.89602697	3.0785227
9573	0.34559193	0.8723445	3.0914886
9583	0.34843084	0.8495933	3.100158
9592	0.3506305	0.8297072	3.1050622
9600	0.352776	0.8124439	3.1102452
9608	0.35449052	0.7966719	3.1189318
9615	0.3552541	0.7817154	3.1309068
9624	0.3544606	0.76708716	-3.1379273
9632	0.35262457	0.7527415	-3.122556
9640	0.35133472	0.7383483	-3.1081276
9649	0.35299963	0.72468555	-3.0967505
9657	0.3572077	0.71373266	-3.087821
9666	0.3615404	0.70668346	-3.0814133
9674	0.3651602	0.7023024	-3.0773642
9683	0.36815992	0.69963026	-3.075157
9691	0.37083498	0.6994144	-3.0749493
9700	0.37319726	0.7027446	-3.0761912
9708	0.3749005	0.70865136	-3.0790193
9716	0.376336	0.7170647	-3.0836587
9725	0.37818187	0.7277757	-3.0899403
9733	0.3804148	0.74043804	-3.0980408
9741	0.38259855	0.75561374	-3.1073253
9750	0.38454327	0.7725157	-3.1174095
9758	0.38649616	0.7913416	-3.1283314
9767	0.38890964	0.8123303	-3.140731
9775	0.3922384	0.8354649	3.1279707
9784	0.39671075	0.86100495	3.1122267
9791	0.40255767	0.88872224	3.0955145
9800	0.40962762	0.9180972	3.0781772
9808	0.41785562	0.9496215	3.0603065
9817	0.42758062	0.98267937	3.0418901
9825	0.43970963	1.0180873	3.0219934
9834	0.45479083	1.0547558	3.000117
9842	0.4735664	1.0923392	2.9750526
9850	0.49721575	1.1306559	2.9452555
9858	0.52734166	1.1693962	2.9089115
9867	0.56552285	1.2084075	2.8641317
9875	0.61420476	1.2477099	2.8084667
9883	0.6770473	1.2867477	2.7390258
9892	0.76034814	1.3250802	2.6509783
9900	0.8737546	1.3614011	2.5354502
9909	1.0338649	1.3940023	2.3769994
9917	1.2600964	1.4191899	2.1574833
9926	1.5505632	1.432835	1.8768452
9936	1.8660768	1.4328225	1.5727031
9944	2.1432781	1.4205719	1.3076032
9953	2.3592043	1.400068	1.1046268
9960	2.5187767	1.3745958	0.9586415
9968	2.630142	1.3476336	0.86038435
9976	2.70832	1.3210747	0.79339665
9984	2.7638547	1.2957295	0.7469913
9993	2.8040397	1.2720021	0.714076
10003	2.8336356	1.2510962	0.6893173
10011	2.8538282	1.2343816	0.67184263
10018	2.8687408	1.2211438	0.6573615
10027	2.8779857	1.2118069	0.64622015
10035	2.8813767	1.2060239	0.6387291
10044	2.8783972	1.2040915	0.6347418
10053	2.8660161	1.2066826	0.6378747
10060	2.8498642	1.2101643	0.64280444
10069	2.8276477	1.2154019	0.6521506
10077	2.8091986	1.22013	0.6552584
10085	2.802991	1.2243941	0.6440855
10094	2.8032963	1.2308289	0.6245324
10102	2.8026156	1.2410984	0.60271275
10113	2.8057106	1.252794	0.57572585
10119	2.8103771	1.2650064	0.54982823
10127	2.8048513	1.2766452	0.54073703
10135	2.781941	1.2871897	0.5546079
10143	2.7375438	1.2945406	0.5931878
10151	2.6759748	1.2976397	0.65203243
10160	2.615854	1.2991778	0.7148171
10169	2.573326	1.3037008	0.7669948
10177	2.545713	1.3106606	0.8067099
10189	2.5186353	1.3177955	0.8432688
10193	2.4947963	1.3227947	0.8715887
10202	2.4701967	1.3268774	0.89902234
10210	2.44676	1.3303486	0.9256217
10219	2.424113	1.3336203	0.9531657
10227	2.399765	1.3364376	0.9833984
10236	2.3717556	1.3386567	1.0174887
10244	2.3408504	1.3403217	1.0533799
10252	2.308883	1.3419116	1.088961
10261	2.2758844	1.3439409	1.124971
10269	2.243046	1.3464035	1.1608232
10278	2.2100885	1.3491122	1.1969317
10286	2.1764235	1.3515656	1.2338121
10295	2.1420088	1.3538319	1.2715468
10304	2.1066105	1.3561176	1.3101941
10311	2.0701292	1.3584611	1.3489017
10320	2.0319893	1.3607961	1.3877492
10328	1.9921845	1.3629075	1.4264903
