CONTOUR-LINE z=0.200000 
1.746611 -12.330552 
-24.817518 -12.460896 
-24.426485 12.565172 
24.687174 12.539104 
24.817518 -12.591241 
CONTOUR-LINE z=0.300000 
-13.295099 -12.069864 
-13.477581 -11.835245 
-13.633994 -11.548488 
-13.764338 -11.313869 
-13.868613 -11.053181 
-13.972888 -10.792492 
-14.025026 -10.505735 
-14.025026 -10.245047 
-14.025026 -9.958290 
-14.025026 -9.697601 
-14.025026 -9.410845 
-14.025026 -9.150156 
-14.025026 -8.863400 
-14.025026 -8.576642 
-14.103232 -8.289886 
-14.155370 -8.029197 
-14.285714 -7.742440 
-14.363921 -7.429614 
-14.468196 -7.168926 
-14.572472 -6.856100 
-14.676746 -6.595412 
-14.833159 -6.308655 
-14.963504 -6.021898 
-15.067779 -5.761209 
-15.224192 -5.500521 
-15.354536 -5.265902 
-15.563087 -5.031282 
-15.823774 -4.848801 
-16.084463 -4.744525 
-16.371220 -4.640250 
-16.684046 -4.509906 
-16.970802 -4.431700 
-17.257561 -4.353493 
-17.518248 -4.275287 
-17.805006 -4.197080 
-18.091763 -4.171011 
-18.352451 -4.171011 
-18.639208 -4.171011 
-18.952034 -4.171011 
-19.264860 -4.171011 
-19.577684 -4.171011 
-19.838373 -4.171011 
-20.125130 -4.171011 
-20.385818 -4.223149 
-20.646507 -4.223149 
-20.933264 -4.301355 
-21.193953 -4.301355 
-21.480709 -4.327425 
-21.741398 -4.327425 
-22.028154 -4.327425 
-22.288843 -4.327425 
-22.601669 -4.327425 
-22.888426 -4.327425 
-23.149115 -4.327425 
-23.435871 -4.327425 
-23.722628 -4.327425 
-23.983316 -4.353493 
-24.244003 -4.405631 
-24.244003 12.434828 
24.452555 12.460896 
24.478624 -1.068822 
24.504692 -6.777894 
24.504692 -7.038582 
24.504692 -7.299270 
24.452555 -7.612096 
24.374348 -7.898853 
24.270073 -8.159541 
24.113661 -8.394160 
24.009384 -8.680918 
23.826902 -8.993743 
23.696558 -9.254432 
23.540146 -9.515120 
23.488008 -9.775808 
23.435871 -10.062565 
23.435871 -10.323254 
23.409801 -10.583941 
23.357664 -10.870699 
23.253389 -11.131387 
23.149115 -11.392075 
22.992701 -11.600626 
22.732012 -11.730969 
22.523462 -11.913451 
22.314911 -12.069864 
22.236706 -12.330552 
CONTOUR-LINE z=0.400000 
-8.550573 -11.783108 
-8.811262 -11.105318 
-8.889468 -10.844629 
-9.019813 -10.583941 
-9.124087 -10.297185 
-9.306569 -10.036496 
-9.489051 -9.801877 
-9.645464 -9.541188 
-9.775808 -9.254432 
-9.880083 -8.993743 
-9.958290 -8.680918 
-9.958290 -8.420229 
-10.010427 -8.159541 
-10.010427 -7.872784 
-10.036496 -7.586027 
-10.062565 -7.273201 
-10.114703 -7.012513 
-10.140772 -6.751825 
-10.192909 -6.491137 
-10.218978 -6.204380 
-10.218978 -5.943691 
-10.218978 -5.656934 
-10.271115 -5.396246 
-10.271115 -5.135558 
-10.297185 -4.848801 
-10.297185 -4.562044 
-10.245047 -4.275287 
-10.114703 -3.884254 
-10.062565 -3.571429 
-10.036496 -3.310740 
-9.984359 -3.050052 
-9.906152 -2.789364 
-9.880083 -2.502607 
-9.801877 -2.241919 
-9.801877 -1.955162 
-9.801877 -1.642336 
-9.801877 -1.355579 
-9.801877 -1.016684 
-9.801877 -0.703858 
-9.827946 -0.391032 
-9.932221 -0.130344 
-10.036496 0.130344 
-10.192909 0.338895 
-10.427528 0.469239 
-10.766423 0.625652 
-11.027112 0.729927 
-11.313869 0.860271 
-11.574557 0.938478 
-11.861314 1.042753 
-12.122002 1.173097 
-12.382690 1.225235 
-12.643378 1.329510 
-12.930136 1.381648 
-13.190824 1.407716 
-13.529718 1.407716 
-13.842545 1.407716 
-14.181439 1.407716 
-14.520333 1.407716 
-14.833159 1.329510 
-15.093848 1.277372 
-15.406673 1.147028 
-15.719500 1.016684 
-16.032326 0.834202 
-16.266945 0.677789 
-16.579771 0.573514 
-16.892597 0.417101 
-17.257561 0.260688 
-17.596455 0.130344 
-17.857143 -0.026069 
-18.143900 -0.182482 
-18.378519 -0.338895 
-18.587070 -0.495308 
-18.821690 -0.625652 
-19.056309 -0.755996 
-19.290928 -0.912409 
-19.551617 -1.068822 
-19.812304 -1.251303 
-20.046925 -1.407716 
-20.255474 -1.590198 
-20.516163 -1.746611 
-20.750782 -1.903024 
-20.985401 -2.033368 
-21.246090 -2.085506 
-21.480709 -2.215850 
-21.741398 -2.346194 
-21.976017 -2.502607 
-22.236706 -2.659020 
-22.523462 -2.711157 
-22.784151 -2.711157 
-23.070908 -2.711157 
-23.357664 -2.711157 
-23.618353 -2.711157 
-23.905109 -2.711157 
-24.061522 12.304483 
24.244003 12.356622 
24.296143 -0.677789 
24.270073 -0.964546 
24.244003 -1.225235 
24.165798 -1.485923 
24.061522 -1.746611 
23.957247 -2.007299 
23.826902 -2.241919 
23.618353 -2.424400 
23.409801 -2.632951 
23.227320 -2.893639 
23.070908 -3.154327 
22.914494 -3.362878 
22.705944 -3.571429 
22.549530 -3.806048 
22.367048 -4.040668 
22.210636 -4.275287 
22.028154 -4.509906 
21.897810 -4.770594 
21.793535 -5.057352 
21.689260 -5.344109 
21.611053 -5.709072 
21.532846 -6.021898 
21.454639 -6.360793 
21.428572 -6.621480 
21.428572 -6.882169 
21.350365 -7.168926 
21.350365 -7.455683 
21.246090 -7.716371 
21.115746 -8.003128 
20.933264 -8.211679 
20.750782 -8.446299 
20.568300 -8.680918 
20.411888 -8.941606 
20.281544 -9.176225 
20.151199 -9.436913 
20.046925 -9.723670 
19.942648 -10.036496 
19.864443 -10.297185 
19.838373 -10.557873 
19.812304 -10.818561 
19.760166 -11.105318 
19.734098 -11.366006 
19.681961 -11.626695 
19.681961 -11.913451 
CONTOUR-LINE z=0.700000 
-1.798749 -11.548488 
19.421272 -11.652763 
19.786236 -9.410845 
19.916580 -9.176225 
19.968718 -8.915537 
20.072992 -8.654849 
20.229406 -8.420229 
20.385818 -8.185610 
20.568300 -7.977059 
20.750782 -7.742440 
20.907194 -7.507821 
21.037539 -7.221064 
21.089676 -6.960375 
21.089676 -6.699687 
21.141815 -6.438999 
21.167883 -6.152242 
21.193953 -5.865485 
21.193953 -5.604796 
21.272158 -5.344109 
21.350365 -5.083420 
21.454639 -4.796663 
21.584984 -4.562044 
21.715328 -4.275287 
21.819603 -4.014598 
21.949947 -3.753910 
22.106361 -3.493222 
22.340981 -3.284672 
22.575600 -3.076121 
22.758081 -2.867570 
22.940563 -2.659020 
23.123045 -2.450469 
23.279457 -2.215850 
23.461939 -1.981230 
23.592283 -1.720542 
23.722628 -1.485923 
23.826902 -1.225235 
23.957247 -0.964546 
24.035454 -0.703858 
24.061522 -0.443170 
24.087591 12.278415 
-23.905109 12.278415 
-23.774765 -0.547445 
-23.149115 -0.234619 
-22.888426 -0.156413 
-22.601669 -0.078206 
-22.340981 0.000000 
-22.080292 0.052138 
-21.819603 0.130344 
-21.584984 0.260688 
-21.324297 0.364964 
-21.037539 0.495308 
-20.776852 0.625652 
-20.516163 0.755996 
-20.255474 0.860271 
-19.994785 0.964546 
-19.734098 1.068822 
-19.447342 1.173097 
-19.186653 1.225235 
-18.873827 1.277372 
-18.587070 1.303441 
-18.326382 1.355579 
-18.039625 1.407716 
-17.778936 1.433785 
-17.518248 1.485923 
-17.179354 1.564129 
-16.918665 1.616267 
-16.631908 1.694473 
-16.371220 1.772680 
-16.110531 1.798749 
-15.849844 1.824818 
-15.563087 1.850886 
-15.250260 1.850886 
-14.937435 1.850886 
-14.624609 1.850886 
-14.337852 1.850886 
-14.025026 1.850886 
-13.764338 1.850886 
-13.451512 1.850886 
-13.190824 1.798749 
-12.904067 1.772680 
-12.617310 1.720542 
-12.356622 1.642336 
-12.095933 1.616267 
-11.835245 1.511992 
-11.574557 1.459854 
-11.313869 1.355579 
-11.053181 1.303441 
-10.766423 1.225235 
-10.505735 1.120959 
-10.271115 0.990615 
-10.010427 0.782065 
-9.854014 0.573514 
-9.697601 0.364964 
-9.541189 0.130344 
-9.384776 -0.078206 
-9.254432 -0.312826 
-9.150156 -0.573514 
-9.071950 -0.834202 
-9.045881 -1.120959 
-8.889468 -1.329510 
-8.654849 -1.459854 
-8.420229 -1.590198 
-8.159541 -1.720542 
-7.898853 -1.824818 
-7.638165 -1.929093 
-7.377477 -2.059437 
-7.142857 -2.215850 
-6.856100 -2.346194 
-6.595412 -2.502607 
-6.360793 -2.632951 
-6.126173 -2.789364 
-5.891554 -2.945777 
-5.630866 -3.050052 
-5.396246 -3.180396 
-5.135558 -3.284672 
-4.848801 -3.336809 
-4.588113 -3.415016 
-4.327425 -3.493222 
-4.040668 -3.649635 
-3.832117 -3.832117 
-3.623566 -4.040668 
-3.441084 -4.249218 
-3.258603 -4.509906 
-3.102190 -4.770594 
-2.971846 -5.057352 
-2.841501 -5.344109 
-2.711158 -5.630866 
-2.632951 -5.917623 
-2.528676 -6.204380 
-2.450469 -6.491137 
-2.398332 -6.777894 
-2.294056 -7.038582 
-2.294056 -7.299270 
-2.294056 -7.559958 
-2.267987 -7.846715 
-2.241919 -8.133472 
-2.163712 -8.394160 
-2.189781 -8.680918 
-2.189781 -8.967674 
-2.189781 -9.228363 
-2.189781 -9.567258 
-2.189781 -9.906152 
-2.189781 -10.166841 
-2.189781 -10.453597 
-2.163712 -10.714286 
-2.085506 -10.974974 
CONTOUR-LINE z=0.600000 
-7.507821 -4.666319 
-7.638165 -4.927007 
-7.820646 -5.265902 
-7.950991 -5.526590 
-8.029197 -5.865485 
-8.055265 -6.152242 
-8.133472 -6.465068 
-8.133472 -6.882169 
-8.133472 -7.273201 
-8.133472 -7.586027 
-8.081335 -7.846715 
-7.950991 -8.159541 
-7.846715 -8.420229 
-7.716371 -8.654849 
-7.612096 -8.915537 
-7.507821 -9.228363 
-7.429614 -9.541188 
-7.299270 -9.775808 
-7.221064 -10.088634 
-7.064651 -10.297185 
-6.882169 -10.531804 
-6.647550 -10.688217 
-6.386861 -10.714286 
-6.100104 -10.662148 
-5.865485 -10.531804 
-5.630866 -10.297185 
-5.422315 -10.114703 
-5.187696 -9.932221 
-5.057352 -9.671533 
-4.927007 -9.358706 
-4.822732 -9.045881 
-4.718457 -8.733055 
-4.640250 -8.446299 
-4.588113 -8.159541 
-4.509906 -7.872784 
-4.431700 -7.586027 
-4.379562 -7.247132 
-4.301355 -6.934307 
-4.301355 -6.673618 
-4.301355 -6.412930 
-4.301355 -6.152242 
-4.405631 -5.865485 
-4.535975 -5.604796 
-4.692388 -5.370177 
-4.900939 -5.187696 
-5.109489 -4.953076 
-5.344109 -4.770594 
-5.604797 -4.666319 
-5.865485 -4.588112 
-6.126173 -4.509906 
-6.412930 -4.457768 
-6.673618 -4.431700 
-6.934307 -4.457768 
CONTOUR-LINE z=0.400000 
-22.653807 -11.313869 
-22.810219 -11.079249 
-22.940563 -10.844629 
-23.070908 -10.610010 
-23.123045 -10.323254 
-23.149115 -10.062565 
-23.149115 -9.775808 
-23.096975 -9.515120 
-22.966633 -9.254432 
-22.862356 -8.993743 
-22.705944 -8.733055 
-22.575600 -8.446299 
-22.393118 -8.237747 
-22.210636 -8.003128 
-22.054224 -7.768509 
-21.923880 -7.481752 
-21.793535 -7.221064 
-21.558916 -7.012513 
-21.324297 -6.803962 
-21.089676 -6.595412 
-20.828989 -6.491137 
-20.516163 -6.412930 
-20.203337 -6.386861 
-19.942648 -6.308655 
-19.681961 -6.282586 
-19.421272 -6.230448 
-19.134516 -6.360793 
-18.952034 -6.569343 
-18.873827 -6.856100 
-18.769552 -7.116788 
-18.691345 -7.377477 
-18.561001 -7.638165 
-18.508863 -7.898853 
-18.430656 -8.185610 
-18.430656 -8.472367 
-18.456726 -8.759124 
-18.587070 -9.045881 
-18.769552 -9.332638 
-18.952034 -9.541188 
-19.108446 -9.749740 
-19.343065 -9.984359 
-19.525547 -10.192909 
-19.760166 -10.349322 
-20.020855 -10.505735 
-20.229406 -10.662148 
-20.359749 -10.896768 
-20.385818 -11.209593 
-20.594370 -11.366006 
-20.855057 -11.444213 
-21.115746 -11.470282 
-21.376434 -11.522419 
-21.663191 -11.522419 
-21.923880 -11.522419 
-22.184566 -11.496350 
CONTOUR-LINE z=1.000000 
6.908238 -11.287800 
19.238791 -11.366006 
19.603754 -9.358706 
19.655891 -9.098019 
19.655891 -8.811261 
19.708029 -8.550573 
19.812304 -8.289886 
19.968718 -8.081335 
20.151199 -7.846715 
20.333681 -7.638165 
20.516163 -7.403545 
20.646507 -7.168926 
20.776852 -6.856100 
20.855057 -6.595412 
20.881126 -6.334723 
20.881126 -6.074035 
20.881126 -5.787278 
20.881126 -5.500521 
20.933264 -5.239833 
20.985401 -4.979145 
21.063608 -4.692388 
21.141815 -4.431700 
21.272158 -4.171011 
21.376434 -3.910323 
21.532846 -3.623566 
21.637121 -3.362878 
21.793535 -3.154327 
22.002085 -2.971846 
22.236706 -2.789364 
22.445255 -2.606882 
22.653807 -2.398332 
22.862356 -2.215850 
23.018770 -2.007299 
23.201252 -1.772680 
23.331594 -1.538060 
23.488008 -1.303441 
23.618353 -1.068822 
23.722628 -0.808133 
23.748697 -0.547445 
23.748697 -0.260688 
23.905109 12.174140 
-23.722628 12.200209 
-23.644421 0.364964 
-22.340981 0.808133 
-22.054224 0.808133 
-21.663191 0.860271 
-21.402502 0.912409 
-21.089676 0.964546 
-20.828989 1.068822 
-20.568300 1.173097 
-20.281544 1.277372 
-20.020855 1.329510 
-19.708029 1.407716 
-19.447342 1.511992 
-19.186653 1.590198 
-18.952034 1.720542 
-18.665276 1.772680 
-18.378519 1.772680 
-18.091763 1.850886 
-17.805006 1.876955 
-17.544317 1.929093 
-17.257561 2.007299 
-16.996872 2.033368 
-16.710115 2.085506 
-16.449427 2.137643 
-16.136600 2.189781 
-15.849844 2.189781 
-15.589155 2.189781 
-15.302399 2.189781 
-15.015641 2.189781 
-14.702815 2.189781 
-14.363921 2.189781 
-14.103232 2.189781 
-13.842545 2.163712 
-13.581856 2.137643 
-13.242962 2.085506 
-12.904067 1.981230 
-12.617310 1.903024 
-12.356622 1.850886 
-12.043796 1.772680 
-11.783108 1.746611 
-11.522419 1.694473 
-11.235662 1.616267 
-10.948905 1.590198 
-10.688217 1.511992 
-10.427528 1.381648 
-10.166841 1.277372 
-9.906152 1.173097 
-9.645464 1.042753 
-9.384776 0.938478 
-9.098019 0.860271 
-8.837331 0.755996 
-8.602711 0.625652 
-8.368092 0.417101 
-8.185610 0.208551 
-7.977059 0.026069 
-7.716371 -0.156413 
-7.455683 -0.234619 
-7.194995 -0.364964 
-6.934307 -0.495308 
-6.647550 -0.625652 
-6.386861 -0.782065 
-6.126173 -0.860271 
-5.865485 -0.886340 
-5.604797 -0.990615 
-5.344109 -1.068822 
-5.083420 -1.173097 
-4.822732 -1.277372 
-4.535975 -1.355579 
-4.275287 -1.433785 
-3.988530 -1.511992 
-3.701773 -1.564129 
-3.441084 -1.616267 
-3.154327 -1.642336 
-2.841501 -1.746611 
-2.528676 -1.850886 
-2.267987 -1.929093 
-2.007299 -2.007299 
-1.642336 -2.111575 
-1.303441 -2.215850 
-1.042753 -2.320125 
-0.729927 -2.424400 
-0.391032 -2.580813 
-0.104275 -2.737226 
0.156413 -2.919708 
0.417101 -3.102190 
0.703858 -3.284672 
0.938478 -3.415016 
1.173097 -3.545360 
1.407716 -3.753910 
1.642336 -3.962461 
1.903024 -4.171011 
2.137643 -4.301355 
2.346194 -4.457768 
2.632951 -4.640250 
2.867570 -4.770594 
3.102190 -4.927007 
3.362878 -5.057352 
3.623566 -5.239833 
3.910323 -5.422315 
4.144943 -5.578728 
4.353493 -5.761209 
4.588113 -5.969760 
4.744525 -6.230448 
4.900939 -6.491137 
5.031282 -6.777894 
5.161627 -7.064651 
5.239833 -7.403545 
5.344109 -7.690302 
5.448384 -7.977059 
5.552659 -8.237747 
5.709072 -8.524505 
5.917623 -8.785192 
6.126173 -9.019813 
6.282586 -9.254432 
6.412930 -9.489051 
6.491137 -9.775808 
6.569343 -10.036496 
6.569343 -10.297185 
6.595412 -10.557873 
6.647550 -10.818561 
CONTOUR-LINE z=1.900000 
8.680918 -11.053181 
19.056309 -11.053181 
19.369135 -9.228363 
19.395203 -8.967674 
19.421272 -8.680918 
19.421272 -8.420229 
19.421272 -8.133472 
19.525547 -7.872784 
19.681961 -7.664234 
19.864443 -7.403545 
20.046925 -7.116788 
20.177267 -6.856100 
20.255474 -6.595412 
20.359749 -6.334723 
20.437956 -6.074035 
20.516163 -5.813347 
20.516163 -5.552659 
20.490093 -5.291971 
20.490093 -5.031282 
20.490093 -4.770594 
20.516163 -4.483837 
20.646507 -4.249218 
20.776852 -3.962461 
20.881126 -3.701773 
21.011471 -3.467153 
21.141815 -3.180396 
21.298227 -2.919708 
21.480709 -2.685089 
21.689260 -2.476538 
21.923880 -2.294056 
22.158499 -2.085506 
22.393118 -1.929093 
22.601669 -1.772680 
22.810219 -1.564129 
22.992701 -1.355579 
23.123045 -1.094890 
23.149115 -0.834202 
23.227320 -0.573514 
23.227320 -0.260688 
23.201252 0.000000 
23.044838 0.234619 
22.940563 0.495308 
22.888426 0.782065 
22.862356 1.042753 
22.784151 1.303441 
22.784151 1.616267 
22.758081 1.903024 
22.732012 2.163712 
22.732012 2.450469 
22.732012 2.789364 
22.732012 3.076121 
22.732012 3.336809 
22.732012 3.597497 
22.732012 3.884254 
22.732012 4.144943 
22.810219 4.457768 
22.888426 4.744525 
22.992701 5.031282 
23.070908 5.291971 
23.149115 5.552659 
23.201252 5.839416 
23.253389 6.152242 
23.279457 6.412930 
23.331594 6.673618 
23.383734 6.934307 
23.409801 7.194995 
23.461939 7.507821 
23.514076 7.794578 
23.592283 8.055265 
23.618353 8.342023 
23.644421 8.602711 
23.644421 8.863400 
23.670490 9.124087 
23.696558 9.384776 
23.696558 9.697601 
23.722628 9.958290 
23.748697 12.043796 
-23.592283 12.095933 
-23.540146 3.206465 
-23.123045 1.485923 
-22.862356 1.485923 
-22.601669 1.538060 
-22.340981 1.642336 
-22.080292 1.694473 
-21.767466 1.720542 
-21.480709 1.772680 
-21.220020 1.850886 
-20.985401 1.981230 
-20.724712 2.085506 
-20.464025 2.111575 
-20.151199 2.007299 
-19.890511 1.929093 
-19.603754 1.929093 
-19.316998 1.981230 
-19.082378 2.137643 
-18.821690 2.267987 
-18.561001 2.294056 
-18.300312 2.346194 
-17.961418 2.346194 
-17.674662 2.398332 
-17.387903 2.398332 
-17.101147 2.398332 
-16.814390 2.398332 
-16.527634 2.398332 
-16.240875 2.398332 
-15.954119 2.398332 
-15.667362 2.398332 
-15.406673 2.476538 
-15.145986 2.502607 
-14.859228 2.554744 
-14.494265 2.554744 
-14.207508 2.554744 
-13.920751 2.554744 
-13.503650 2.554744 
-13.060480 2.528676 
-12.773723 2.502607 
-12.513035 2.476538 
-12.252346 2.476538 
-11.939520 2.476538 
-11.626695 2.476538 
-11.366006 2.476538 
-11.079249 2.476538 
-10.792492 2.398332 
-10.531804 2.320125 
-10.271115 2.267987 
-10.010427 2.189781 
-9.723671 2.137643 
-9.384776 2.137643 
-9.098019 2.137643 
-8.811262 2.085506 
-8.550573 2.059437 
-8.263817 2.007299 
-7.898853 1.903024 
-7.586027 1.824818 
-7.273201 1.772680 
-7.012513 1.694473 
-6.725756 1.616267 
-6.465068 1.564129 
-6.204380 1.511992 
-5.943691 1.459854 
-5.630866 1.329510 
-5.291971 1.225235 
-5.031282 1.173097 
-4.744525 1.094890 
-4.431700 0.990615 
-4.066736 0.860271 
-3.779979 0.755996 
-3.493222 0.677789 
-3.232534 0.599583 
-2.867570 0.547445 
-2.606882 0.495308 
-2.320125 0.417101 
-2.033368 0.391032 
-1.720542 0.391032 
-1.433785 0.391032 
-1.094890 0.391032 
-0.782065 0.391032 
-0.391032 0.391032 
0.052138 0.364964 
0.391032 0.364964 
0.703858 0.364964 
0.990615 0.364964 
1.251303 0.338895 
1.511992 0.312826 
1.772680 0.208551 
2.085506 0.130344 
2.320125 -0.026069 
2.554744 -0.182482 
2.815433 -0.338895 
3.050052 -0.495308 
3.284672 -0.625652 
3.519291 -0.782065 
3.727842 -0.990615 
3.962461 -1.173097 
4.197080 -1.355579 
4.405631 -1.538060 
4.640250 -1.772680 
4.874870 -1.981230 
5.135558 -2.189781 
5.344109 -2.372263 
5.526590 -2.580813 
5.709072 -2.841501 
5.865485 -3.102190 
5.995829 -3.336809 
6.074036 -3.623566 
6.152242 -3.910323 
6.256517 -4.197080 
6.282586 -4.509906 
6.386861 -4.770594 
6.491137 -5.057352 
6.647550 -5.396246 
6.751825 -5.683003 
6.908238 -5.943691 
7.064651 -6.178311 
7.194995 -6.438999 
7.429614 -6.751825 
7.612096 -6.986444 
7.742440 -7.221064 
7.924922 -7.559958 
8.029197 -7.820646 
8.133472 -8.107404 
8.185610 -8.368092 
8.211679 -8.628780 
8.237747 -8.889468 
8.289886 -9.150156 
8.315954 -9.410845 
8.342023 -9.671533 
8.420229 -9.932221 
8.472367 -10.192909 
8.498436 -10.505735 
CONTOUR-LINE z=3.199999 
19.186653 2.528676 
18.978102 2.737226 
18.769552 2.919708 
18.534933 3.102190 
18.326382 3.310740 
18.143900 3.519291 
17.909281 3.753910 
17.752867 3.988530 
17.596455 4.223149 
17.466110 4.457768 
17.335766 4.744525 
17.179354 5.031282 
17.022940 5.318039 
16.892597 5.630866 
16.762253 5.891554 
16.605839 6.178311 
16.371220 6.465068 
16.188738 6.673618 
15.928050 6.908237 
15.693431 7.090719 
15.510949 7.299270 
15.354536 7.533889 
15.276329 7.846715 
15.276329 8.133472 
15.380605 8.446299 
15.458811 8.706986 
15.484880 8.993743 
15.484880 9.280500 
15.484880 9.593327 
15.380605 9.880083 
15.224192 10.114703 
15.041710 10.401460 
14.911366 10.688217 
14.859228 10.948905 
14.833159 11.235662 
14.807091 11.548488 
14.807091 11.809176 
15.119917 11.835245 
15.406673 11.783108 
15.693431 11.783108 
15.980187 11.783108 
16.293013 11.783108 
16.553701 11.783108 
16.840458 11.730969 
17.205421 11.730969 
17.466110 11.730969 
17.726799 11.730969 
18.013556 11.730969 
18.352451 11.730969 
18.691345 11.730969 
19.056309 11.730969 
19.316998 11.730969 
19.629824 11.730969 
19.942648 11.757038 
20.203337 11.783108 
20.464025 11.809176 
20.776852 11.835245 
21.089676 11.835245 
21.428572 11.861314 
21.741398 11.861314 
22.054224 11.887383 
22.340981 11.887383 
22.601669 11.887383 
22.940563 11.861314 
23.201252 11.783108 
23.461939 11.678832 
23.488008 11.418144 
23.488008 11.131387 
23.461939 10.870699 
23.357664 10.583941 
23.279457 10.323254 
23.227320 10.036496 
23.175182 9.749740 
23.123045 9.462982 
23.096975 9.176225 
23.070908 8.863400 
23.018770 8.576642 
23.018770 8.263817 
22.992701 7.977059 
22.992701 7.664234 
22.992701 7.377477 
22.992701 7.090719 
22.992701 6.803962 
22.992701 6.517205 
22.888426 6.230448 
22.810219 5.943691 
22.784151 5.656934 
22.705944 5.370177 
22.627737 5.109489 
22.601669 4.822732 
22.601669 4.562044 
22.549530 4.275287 
22.549530 4.014598 
22.471325 3.753910 
22.471325 3.467153 
22.445255 3.180396 
22.419188 2.919708 
22.393118 2.659020 
22.340981 2.398332 
22.210636 2.111575 
22.106361 1.850886 
21.976017 1.616267 
21.741398 1.485923 
21.480709 1.459854 
21.220020 1.459854 
20.933264 1.433785 
20.672575 1.433785 
20.411888 1.459854 
20.125130 1.590198 
19.864443 1.720542 
19.681961 1.929093 
19.447342 2.163712 
CONTOUR-LINE z=3.699999 
20.203337 1.824818 
19.994785 2.059437 
19.838373 2.294056 
19.708029 2.528676 
19.499479 2.789364 
19.290928 2.997915 
19.108446 3.232534 
18.899897 3.415016 
18.717415 3.623566 
18.534933 3.832117 
18.274244 4.092805 
18.143900 4.327425 
18.013556 4.562044 
17.883211 4.796663 
17.752867 5.083420 
17.622524 5.318039 
17.492180 5.552659 
17.361835 5.787278 
17.231491 6.021898 
17.101147 6.256517 
16.944735 6.491137 
16.788321 6.699687 
16.605839 6.960375 
16.423357 7.221064 
16.266945 7.455683 
16.110531 7.664234 
15.980187 7.898853 
15.901981 8.159541 
15.875913 8.420229 
15.875913 8.680918 
15.901981 8.941606 
15.928050 9.202294 
15.875913 9.462982 
15.771637 9.723670 
15.719500 9.984359 
15.615224 10.245047 
15.484880 10.479666 
15.328467 10.740355 
15.250260 11.001042 
15.250260 11.261731 
15.510949 11.444213 
15.771637 11.496350 
16.058393 11.496350 
16.319082 11.444213 
16.631908 11.418144 
16.918665 11.418144 
17.205421 11.418144 
17.518248 11.418144 
17.831074 11.418144 
18.143900 11.418144 
18.456726 11.418144 
18.743483 11.418144 
19.004171 11.418144 
19.290928 11.418144 
19.551617 11.418144 
19.812304 11.444213 
20.072992 11.444213 
20.333681 11.444213 
20.594370 11.444213 
20.881126 11.444213 
21.141815 11.470282 
21.428572 11.470282 
21.689260 11.470282 
21.949947 11.418144 
22.210636 11.366006 
22.471325 11.287800 
22.653807 11.079249 
22.784151 10.844629 
22.836288 10.583941 
22.784151 10.297185 
22.732012 10.036496 
22.575600 9.723670 
22.471325 9.462982 
22.393118 9.202294 
22.367048 8.941606 
22.340981 8.680918 
22.340981 8.420229 
22.340981 8.133472 
22.393118 7.846715 
22.419188 7.533889 
22.445255 7.273201 
22.445255 6.960375 
22.367048 6.673618 
22.288843 6.412930 
22.184566 6.152242 
22.132429 5.891554 
22.054224 5.630866 
22.028154 5.344109 
21.949947 5.083420 
21.923880 4.822732 
21.845673 4.457768 
21.845673 4.197080 
21.845673 3.884254 
21.871742 3.597497 
21.949947 3.310740 
21.976017 3.050052 
21.976017 2.711157 
21.871742 2.450469 
21.715328 2.241919 
21.506779 2.059437 
21.220020 1.929093 
20.959333 1.824818 
CONTOUR-LINE z=4.599998 
20.359749 2.476538 
20.255474 2.763295 
20.125130 3.023983 
19.968718 3.310740 
19.760166 3.519291 
19.551617 3.727841 
19.369135 3.936392 
19.134516 4.118874 
18.925964 4.275287 
18.717415 4.457768 
18.482794 4.718457 
18.300312 4.927007 
18.143900 5.161627 
17.961418 5.422315 
17.857143 5.709072 
17.805006 5.969760 
17.752867 6.230448 
17.752867 6.491137 
17.752867 6.777894 
17.778936 7.064651 
17.778936 7.325339 
17.909281 7.586027 
18.091763 7.820646 
18.352451 7.950991 
18.665276 8.029197 
18.925964 8.107404 
19.238791 8.133472 
19.525547 8.159541 
19.812304 8.159541 
20.125130 8.159541 
20.411888 8.159541 
20.724712 8.159541 
20.985401 8.159541 
21.246090 8.003128 
21.532846 7.820646 
21.689260 7.612096 
21.741398 7.325339 
21.741398 7.064651 
21.741398 6.803962 
21.689260 6.543274 
21.663191 6.282586 
21.611053 5.995829 
21.611053 5.709072 
21.584984 5.422315 
21.506779 5.109489 
21.428572 4.848801 
21.376434 4.535975 
21.324297 4.275287 
21.324297 3.988530 
21.376434 3.727841 
21.428572 3.467153 
21.506779 3.206465 
21.480709 2.945777 
21.246090 2.737226 
21.037539 2.554744 
20.776852 2.528676 
CONTOUR-LINE z=4.099998 
16.762253 11.027111 
16.553701 10.844629 
16.501564 10.583941 
16.475494 10.323254 
16.475494 10.062565 
16.475494 9.749740 
16.475494 9.436913 
16.501564 9.124087 
16.553701 8.863400 
16.710115 8.602711 
16.918665 8.420229 
17.205421 8.394160 
17.544317 8.394160 
17.831074 8.420229 
18.117830 8.498436 
18.352451 8.628780 
18.613138 8.733055 
18.899897 8.863400 
19.212721 8.993743 
19.473410 9.019813 
19.812304 9.019813 
20.125130 9.019813 
20.385818 9.019813 
20.672575 9.019813 
20.959333 9.019813 
21.220020 9.098019 
21.428572 9.332638 
21.558916 9.593327 
21.663191 9.880083 
21.793535 10.166841 
21.845673 10.453597 
21.871742 10.740355 
21.715328 11.001042 
21.454639 11.105318 
21.167883 11.105318 
20.881126 11.053181 
20.594370 11.001042 
20.281544 10.974974 
19.994785 10.896768 
19.655891 10.896768 
19.369135 10.896768 
19.082378 10.896768 
18.795620 10.896768 
18.482794 10.922836 
18.222107 10.948905 
17.961418 11.001042 
17.674662 11.079249 
CONTOUR-LINE z=4.499998 
17.335766 10.375391 
17.153284 10.166841 
17.049009 9.880083 
17.075079 9.619395 
17.361835 9.410845 
17.622524 9.306569 
17.909281 9.228363 
18.274244 9.202294 
18.587070 9.202294 
18.873827 9.280500 
19.134516 9.358706 
19.369135 9.515120 
19.629824 9.671533 
19.916580 9.801877 
20.177267 9.880083 
20.437956 10.036496 
20.333681 10.297185 
20.046925 10.427528 
19.760166 10.453597 
19.499479 10.479666 
19.160583 10.505735 
18.873827 10.505735 
18.587070 10.505735 
18.326382 10.505735 
18.065693 10.505735 
17.778936 10.505735 
CONTOUR-LINE z=4.999998 
18.925964 7.429614 
18.847757 7.142857 
18.821690 6.882169 
18.821690 6.595412 
18.743483 6.308655 
18.743483 6.047966 
18.743483 5.761209 
18.873827 5.396246 
19.030239 5.161627 
19.238791 4.979145 
19.447342 4.822732 
19.681961 4.692388 
19.864443 4.483837 
20.099062 4.301355 
20.333681 4.092805 
20.542231 3.910323 
20.750782 4.171011 
20.855057 4.431700 
20.933264 4.692388 
20.933264 4.979145 
20.959333 5.265902 
21.011471 5.526590 
21.089676 5.839416 
21.141815 6.178311 
21.193953 6.438999 
21.220020 6.751825 
21.220020 7.012513 
21.193953 7.273201 
20.959333 7.403545 
20.698645 7.481752 
20.437956 7.533889 
20.177267 7.533889 
19.864443 7.586027 
19.603754 7.559958 
CONTOUR-LINE z=5.299997 
19.577684 6.908237 
19.447342 6.673618 
19.395203 6.412930 
19.395203 6.126173 
19.421272 5.839416 
19.551617 5.604796 
19.734098 5.396246 
19.968718 5.213764 
20.255474 5.135558 
20.490093 5.344109 
20.594370 5.656934 
20.698645 5.995829 
20.724712 6.334723 
20.724712 6.621480 
20.724712 6.882169 
20.437956 7.064651 
20.177267 7.064651 
19.890511 7.064651 
CONTOUR-LINE z=5.599997 
19.916580 6.569343 
19.864443 6.282586 
19.864443 6.021898 
19.994785 5.787278 
20.255474 5.943691 
20.281544 6.256517 
20.281544 6.517205 
CONTOUR-LINE z=3.499999 
-3.388947 11.522419 
-3.649635 11.522419 
-3.910323 11.470282 
-4.197080 11.418144 
-4.483837 11.366006 
-4.927007 11.313869 
-5.318039 11.261731 
-5.578728 11.183524 
-5.839416 11.105318 
-6.100104 11.001042 
-6.360793 10.896768 
-6.595412 10.740355 
-6.830031 10.583941 
-7.064651 10.427528 
-7.273201 10.271115 
-7.507821 10.088634 
-7.742440 9.932221 
-7.950991 9.697601 
-8.211679 9.462982 
-8.342023 9.150156 
-8.446299 8.889468 
-8.498436 8.628780 
-8.498436 8.342023 
-8.498436 8.003128 
-8.498436 7.716371 
-8.368092 7.455683 
-8.133472 7.247132 
-7.872784 7.116788 
-7.612096 7.012513 
-7.351408 6.960375 
-7.064651 6.960375 
-6.803962 6.960375 
-6.543274 7.064651 
-6.308655 7.194995 
-6.047966 7.403545 
-5.761209 7.559958 
-5.500521 7.690302 
-5.239833 7.768509 
-4.979145 7.820646 
-4.718457 7.872784 
-4.457768 7.924922 
-4.197080 7.977059 
-3.910323 8.003128 
-3.571429 8.003128 
-3.258603 8.003128 
-2.971846 8.003128 
-2.685089 8.003128 
-2.424400 8.003128 
-2.033368 8.003128 
-1.720542 8.003128 
-1.407716 8.003128 
-1.094890 8.003128 
-0.755996 7.977059 
-0.338895 7.846715 
0.104275 7.716371 
0.417101 7.612096 
0.729927 7.481752 
0.990615 7.325339 
1.251303 7.168926 
1.694473 7.012513 
1.955162 6.882169 
2.267987 6.777894 
2.528676 6.673618 
2.789364 6.569343 
3.023983 6.438999 
3.336809 6.334723 
3.649635 6.230448 
4.066736 6.126173 
4.431700 6.100104 
4.718457 6.047966 
5.005214 6.021898 
5.265902 6.021898 
5.526590 6.021898 
5.813347 6.100104 
6.047966 6.282586 
6.230448 6.517205 
6.438999 6.699687 
6.621481 6.986444 
6.647550 7.247132 
6.699687 7.507821 
6.699687 7.820646 
6.699687 8.081335 
6.673618 8.342023 
6.569343 8.654849 
6.491137 8.993743 
6.360793 9.228363 
6.178311 9.462982 
5.891554 9.749740 
5.656934 9.906152 
5.474452 10.140772 
5.291971 10.375391 
5.083420 10.583941 
4.822732 10.818561 
4.588113 10.974974 
4.301355 11.131387 
3.884254 11.287800 
3.623566 11.418144 
3.310740 11.444213 
2.971846 11.470282 
2.632951 11.574556 
2.137643 11.704901 
1.824818 11.783108 
1.538060 11.783108 
1.147028 11.783108 
0.886340 11.783108 
0.599583 11.783108 
0.286757 11.783108 
-0.312826 11.783108 
-0.625652 11.783108 
-0.912409 11.783108 
-1.329510 11.783108 
-1.772680 11.757038 
-2.059437 11.730969 
-2.346194 11.678832 
-2.711158 11.652763 
-2.971846 11.600626 
CONTOUR-LINE z=3.699999 
-17.179354 11.652763 
-17.413973 11.418144 
-17.622524 11.261731 
-17.883211 11.053181 
-18.091763 10.870699 
-18.274244 10.583941 
-18.404589 10.323254 
-18.561001 10.088634 
-18.717415 9.854014 
-18.873827 9.541188 
-19.004171 9.254432 
-19.160583 8.993743 
-19.238791 8.733055 
-19.238791 8.420229 
-19.316998 8.055265 
-19.316998 7.768509 
-19.290928 7.429614 
-19.186653 7.116788 
-18.978102 6.803962 
-18.821690 6.569343 
-18.665276 6.334723 
-18.404589 6.152242 
-18.117830 5.969760 
-17.857143 5.787278 
-17.622524 5.656934 
-17.387903 5.526590 
-17.127216 5.291971 
-16.866528 5.135558 
-16.527634 5.005214 
-16.240875 4.927007 
-15.954119 4.796663 
-15.693431 4.770594 
-15.432742 4.770594 
-15.119917 4.770594 
-14.833159 4.770594 
-14.468196 4.796663 
-14.103232 4.927007 
-13.816476 5.005214 
-13.503650 5.135558 
-13.216892 5.265902 
-12.904067 5.370177 
-12.591241 5.448384 
-12.226277 5.656934 
-11.809176 5.761209 
-11.548488 5.813347 
-11.261731 5.943691 
-11.027112 6.126173 
-10.766423 6.334723 
-10.479667 6.569343 
-10.349322 6.882169 
-10.218978 7.116788 
-10.140772 7.481752 
-10.036496 7.768509 
-9.906152 8.055265 
-9.775808 8.289886 
-9.697601 8.576642 
-9.567258 8.837331 
-9.436913 9.071950 
-9.254432 9.332638 
-9.124087 9.567258 
-9.071950 9.827946 
-9.045881 10.088634 
-9.019813 10.349322 
-9.202294 10.610010 
-9.462982 10.818561 
-9.723671 10.922836 
-9.984359 11.027111 
-10.271115 11.105318 
-10.610010 11.235662 
-10.948905 11.313869 
-11.366006 11.418144 
-11.626695 11.444213 
-11.887383 11.496350 
-12.148071 11.522419 
-12.408759 11.548488 
-12.721585 11.574556 
-13.060480 11.574556 
-13.347237 11.574556 
-13.712200 11.574556 
-13.998958 11.574556 
-14.311783 11.522419 
-14.572472 11.496350 
-14.859228 11.470282 
-15.145986 11.470282 
-15.458811 11.470282 
-15.719500 11.470282 
-16.006256 11.574556 
-16.293013 11.626695 
CONTOUR-LINE z=3.199999 
20.359749 -3.649635 
19.004171 -4.066736 
18.717415 -4.118874 
18.352451 -4.197080 
17.987488 -4.275287 
17.622524 -4.301355 
17.309698 -4.379562 
16.918665 -4.405631 
16.579771 -4.457768 
16.266945 -4.457768 
16.006256 -4.457768 
15.641293 -4.457768 
15.328467 -4.457768 
14.911366 -4.457768 
14.546403 -4.457768 
14.103232 -4.457768 
13.581856 -4.431700 
13.216892 -4.353493 
12.877998 -4.327425 
12.408759 -4.275287 
12.122002 -4.223149 
11.783108 -4.118874 
11.496350 -4.014598 
11.183524 -3.884254 
10.896768 -3.832117 
10.610010 -3.727841 
10.323254 -3.597497 
10.062565 -3.493222 
9.697601 -3.362878 
9.410845 -3.232534 
9.071950 -3.128258 
8.785192 -3.076121 
8.498436 -2.971846 
8.263817 -2.841501 
8.003128 -2.737226 
7.742440 -2.632951 
7.507821 -2.502607 
7.273201 -2.320125 
6.986444 -2.163712 
6.673618 -2.033368 
6.412930 -1.798749 
6.152242 -1.642336 
5.917623 -1.485923 
5.656934 -1.329510 
5.370177 -1.199166 
5.109489 -1.094890 
4.770595 -0.938478 
4.509906 -0.834202 
4.249218 -0.677789 
3.988530 -0.547445 
3.753910 -0.391032 
3.519291 -0.234619 
3.284672 -0.104275 
3.023983 0.026069 
2.789364 0.156413 
2.554744 0.286757 
2.241919 0.443170 
1.981230 0.547445 
1.694473 0.651721 
1.433785 0.729927 
1.173097 0.755996 
0.886340 0.782065 
0.625652 0.782065 
0.338895 0.782065 
0.052138 0.782065 
-0.234619 0.808133 
-0.495308 0.808133 
-0.808133 0.808133 
-4.535975 1.485923 
-8.576642 2.502607 
-8.863400 2.502607 
-9.150156 2.502607 
-9.436913 2.528676 
-9.775808 2.554744 
-10.062565 2.711157 
-10.401460 2.789364 
-10.688217 2.893639 
-11.001042 2.971846 
-11.339937 3.050052 
-11.704901 3.102190 
-12.043796 3.154327 
-12.356622 3.154327 
-12.643378 3.154327 
-12.930136 3.154327 
-13.242962 3.154327 
-13.529718 3.154327 
-13.816476 3.154327 
-14.077164 3.128258 
-14.363921 3.128258 
-14.676746 3.076121 
-14.937435 3.076121 
-15.198123 3.050052 
-15.589155 2.997915 
-15.849844 2.997915 
-16.110531 2.971846 
-16.371220 2.945777 
-16.710115 2.893639 
-17.022940 2.867570 
-17.309698 2.815433 
-17.570385 2.763295 
-17.831074 2.737226 
-18.091763 2.711157 
-18.352451 2.685089 
-18.613138 2.606882 
-18.899897 2.450469 
-19.160583 2.372263 
-19.421272 2.346194 
-19.734098 2.294056 
-20.020855 2.294056 
-20.281544 2.294056 
-20.568300 2.398332 
-20.855057 2.450469 
-21.115746 2.502607 
-21.402502 2.528676 
-21.663191 2.528676 
-21.897810 2.398332 
-22.236706 2.294056 
-22.497393 2.215850 
-22.758081 2.241919 
-22.940563 2.450469 
-23.409801 3.362878 
-23.435871 11.965590 
23.540146 11.965590 
23.592283 11.835245 
23.618353 11.287800 
23.514076 10.323254 
23.305527 8.733055 
23.201252 7.012513 
23.018770 6.047966 
22.784151 4.900939 
22.653807 4.405631 
22.627737 3.753910 
22.549530 2.815433 
22.497393 1.277372 
22.497393 0.990615 
22.497393 0.677789 
22.497393 0.364964 
22.497393 0.078206 
22.471325 -0.208551 
22.367048 -0.469239 
22.236706 -0.782065 
22.158499 -1.068822 
22.054224 -1.329510 
21.871742 -1.538060 
21.689260 -1.746611 
21.454639 -1.981230 
21.220020 -2.241919 
21.089676 -2.476538 
20.933264 -2.711157 
20.776852 -2.971846 
CONTOUR-LINE z=2.500000 
10.766423 -10.688217 
10.844630 -10.427528 
10.896768 -10.166841 
10.922836 -9.880083 
10.922836 -9.567258 
10.948905 -9.306569 
10.948905 -8.889468 
10.948905 -8.550573 
10.948905 -8.211679 
10.948905 -7.846715 
10.844630 -7.533889 
10.818561 -7.273201 
10.714286 -7.012513 
10.636079 -6.751825 
10.531804 -6.491137 
10.427528 -6.230448 
10.349322 -5.917623 
10.297185 -5.630866 
10.271115 -5.318039 
10.218978 -5.057352 
10.192909 -4.796663 
10.218978 -4.535975 
10.427528 -4.353493 
10.740355 -4.353493 
11.079249 -4.353493 
11.574557 -4.405631 
11.835245 -4.431700 
12.095933 -4.535975 
12.356622 -4.666319 
12.617310 -4.770594 
12.904067 -4.874870 
13.190824 -4.874870 
13.529718 -4.874870 
13.816476 -4.874870 
14.103232 -4.874870 
14.363921 -4.874870 
14.650678 -4.874870 
14.963504 -4.927007 
15.276329 -4.927007 
15.615224 -4.927007 
16.006256 -4.927007 
16.293013 -4.900939 
16.579771 -4.874870 
16.918665 -4.822732 
17.179354 -4.770594 
17.466110 -4.770594 
17.752867 -4.744525 
18.039625 -4.744525 
18.300312 -4.874870 
18.456726 -5.135558 
18.482794 -5.448384 
18.482794 -5.709072 
18.482794 -5.995829 
18.456726 -6.308655 
18.430656 -6.621480 
18.378519 -7.012513 
18.352451 -7.273201 
18.326382 -7.612096 
18.326382 -7.898853 
18.326382 -8.237747 
18.274244 -8.524505 
18.274244 -8.837331 
18.248175 -9.098019 
18.196037 -9.384776 
18.143900 -9.749740 
18.091763 -10.010427 
18.091763 -10.297185 
17.935349 -10.557873 
17.674662 -10.636079 
17.387903 -10.688217 
11.939520 -10.818561 
CONTOUR-LINE z=2.999999 
12.695517 -10.479666 
12.721585 -8.706986 
12.799791 -8.342023 
12.825860 -8.003128 
12.851929 -7.742440 
12.851929 -7.455683 
12.851929 -7.090719 
12.851929 -6.803962 
12.851929 -6.438999 
12.851929 -6.152242 
12.773723 -5.891554 
12.721585 -5.630866 
12.982273 -5.448384 
13.347237 -5.318039 
13.607924 -5.239833 
13.868613 -5.213764 
14.155370 -5.213764 
14.468196 -5.213764 
14.728885 -5.213764 
15.041710 -5.239833 
15.302399 -5.318039 
15.641293 -5.370177 
15.928050 -5.396246 
16.214808 -5.396246 
16.501564 -5.396246 
16.762253 -5.396246 
16.996872 -5.578728 
17.153284 -5.813347 
17.153284 -6.100104 
17.153284 -6.438999 
17.127216 -6.725756 
17.049009 -7.142857 
17.022940 -7.507821 
16.970802 -7.768509 
16.944735 -8.133472 
16.840458 -8.472367 
16.736183 -8.811261 
16.710115 -9.124087 
16.657976 -9.489051 
16.657976 -9.775808 
16.605839 -10.036496 
16.423357 -10.245047 
16.136600 -10.271115 
15.875913 -10.323254 
15.615224 -10.375391 
15.276329 -10.427528 
14.937435 -10.531804 
14.676746 -10.557873 
14.311783 -10.557873 
14.025026 -10.557873 
13.764338 -10.531804 
CONTOUR-LINE z=3.099999 
13.660063 -9.827946 
13.764338 -9.462982 
13.764338 -9.150156 
13.868613 -8.837331 
13.894682 -8.498436 
13.894682 -8.133472 
13.868613 -7.872784 
13.868613 -7.612096 
13.790406 -7.273201 
13.790406 -6.960375 
13.790406 -6.647550 
13.790406 -6.334723 
13.790406 -6.074035 
13.920751 -5.813347 
14.129301 -5.630866 
14.389990 -5.630866 
14.650678 -5.552659 
14.911366 -5.552659 
15.198123 -5.552659 
15.563087 -5.604796 
15.823774 -5.656934 
16.084463 -5.787278 
16.110531 -6.047966 
16.110531 -6.360793 
16.110531 -6.647550 
16.110531 -6.934307 
16.084463 -7.299270 
16.058393 -7.586027 
16.006256 -7.846715 
16.006256 -8.133472 
16.006256 -8.446299 
15.980187 -8.733055 
15.928050 -9.071950 
15.928050 -9.384776 
15.823774 -9.645464 
15.667362 -9.880083 
15.406673 -10.010427 
15.067779 -10.088634 
14.781022 -10.166841 
14.468196 -10.192909 
14.181439 -10.192909 
13.894682 -10.166841 
13.633994 -10.062565 
CONTOUR-LINE z=4.199998 
-6.803962 10.349322 
-6.986444 10.114703 
-7.221064 9.932221 
-7.481752 9.749740 
-7.716371 9.541188 
-7.898853 9.306569 
-8.055265 9.071950 
-8.107404 8.785192 
-8.107404 8.498436 
-8.133472 8.237747 
-8.107404 7.924922 
-7.977059 7.690302 
-7.716371 7.586027 
-7.455683 7.507821 
-7.194995 7.429614 
-6.934307 7.351408 
-6.673618 7.351408 
-6.386861 7.403545 
-5.291971 8.055265 
-3.832117 8.263817 
-2.372263 8.237747 
-1.459854 8.237747 
-0.625652 8.107404 
1.016684 7.690302 
2.007299 7.142857 
3.415016 6.621480 
4.249218 6.360793 
5.213764 6.334723 
5.813347 6.517205 
6.412930 7.012513 
6.465068 7.794578 
6.334723 8.837331 
5.917623 9.410845 
5.265902 9.932221 
4.509906 10.766423 
3.571429 11.261731 
2.554744 11.418144 
1.564129 11.626695 
-0.286757 11.626695 
-2.137643 11.522419 
-5.656934 10.896768 
-6.412930 10.557873 
CONTOUR-LINE z=4.699998 
-6.595412 7.664234 
-5.318039 8.315954 
-3.832117 8.576642 
-1.746611 8.628780 
-0.182482 8.498436 
1.329510 8.107404 
2.450469 7.638165 
3.571429 7.221064 
4.431700 7.064651 
5.344109 7.064651 
5.604797 7.194995 
5.735141 7.455683 
5.787279 7.716371 
5.813347 7.977059 
5.839416 8.237747 
5.839416 8.498436 
5.709072 8.733055 
5.552659 8.967674 
5.370177 9.176225 
5.187696 9.410845 
5.005214 9.619395 
4.796663 9.827946 
4.509906 10.036496 
4.275287 10.166841 
3.988530 10.323254 
3.727842 10.453597 
3.467153 10.583941 
3.102190 10.688217 
2.841501 10.766423 
2.580813 10.870699 
2.267987 10.922836 
1.929093 10.974974 
1.590198 11.027111 
1.251303 11.079249 
0.886340 11.131387 
0.573514 11.131387 
0.286757 11.157455 
-0.078206 11.157455 
-0.364964 11.157455 
-0.703858 11.157455 
-0.990615 11.157455 
-1.381648 11.157455 
-1.668405 11.157455 
-2.085506 11.157455 
-4.327425 10.974974 
-6.360793 10.401460 
-7.481752 9.541188 
-7.950991 8.863400 
-7.846715 8.107404 
-7.299270 7.768509 
CONTOUR-LINE z=5.199997 
4.197080 7.977059 
0.547445 8.915537 
-2.502607 9.019813 
-4.692388 8.811261 
-6.021898 8.342023 
-6.856100 8.029197 
-7.403545 8.263817 
-7.716371 8.785192 
-6.882169 9.645464 
-5.761209 10.375391 
-4.171011 10.766423 
-1.876955 10.922836 
0.782065 10.948905 
2.137643 10.531804 
4.223149 9.801877 
4.640250 9.254432 
4.796663 8.576642 
4.770595 8.055265 
CONTOUR-LINE z=5.599997 
-6.934307 9.280500 
-7.455683 8.837331 
-7.168926 8.446299 
-6.569343 8.289886 
-5.813347 8.759124 
-4.457768 9.150156 
-2.945777 9.228363 
-1.485923 9.358706 
0.208551 9.280500 
1.433785 8.967674 
2.789364 8.628780 
3.988530 8.289886 
4.509906 8.498436 
4.249218 9.202294 
3.832117 9.671533 
1.929093 10.349322 
0.703858 10.714286 
-1.485923 10.714286 
-4.301355 10.479666 
-5.604797 10.114703 
-6.438999 9.801877 
CONTOUR-LINE z=5.999997 
-6.673618 9.436913 
-7.038582 8.863400 
-6.725756 8.628780 
-5.813347 9.071950 
-4.431700 9.489051 
-3.023983 9.958290 
-1.564129 10.088634 
0.234619 9.827946 
1.459854 9.489051 
2.919708 8.967674 
3.753910 8.706986 
3.701773 9.436913 
1.538060 10.297185 
-0.547445 10.557873 
-2.971846 10.427528 
-4.483837 10.192909 
-5.969760 9.854014 
CONTOUR-LINE z=4.099998 
-23.175182 3.988530 
-22.940563 3.832117 
-22.705944 3.701773 
-22.419188 3.571429 
-22.158499 3.493222 
-21.845673 3.362878 
-21.584984 3.310740 
-21.298227 3.284672 
-21.011471 3.284672 
-20.750782 3.284672 
-20.464025 3.284672 
-20.177267 3.336809 
-19.916580 3.415016 
-19.708029 3.571429 
-19.473410 3.779979 
-19.212721 3.962461 
-18.952034 4.144943 
-18.717415 4.301355 
-18.508863 4.588112 
-18.456726 4.848801 
-18.534933 5.135558 
-18.717415 5.396246 
-18.847757 5.630866 
-19.004171 5.865485 
-19.134516 6.126173 
-19.290928 6.412930 
-19.421272 6.725756 
-19.577684 6.960375 
-19.708029 7.194995 
-19.760166 7.455683 
-19.760166 7.716371 
-19.760166 7.977059 
-19.760166 8.263817 
-19.734098 8.550573 
-19.629824 8.811261 
-19.499479 9.045881 
-19.395203 9.332638 
-19.290928 9.593327 
-19.212721 9.854014 
-19.056309 10.114703 
-18.899897 10.401460 
-18.795620 10.662148 
-18.717415 10.948905 
-18.691345 11.209593 
-18.821690 11.470282 
-19.030239 11.652763 
-19.343065 11.730969 
-19.629824 11.757038 
-19.968718 11.757038 
-20.255474 11.757038 
-20.594370 11.757038 
-20.907194 11.757038 
-21.193953 11.757038 
-21.584984 11.757038 
-21.897810 11.757038 
-22.158499 11.757038 
-22.419188 11.652763 
-22.653807 11.496350 
-22.888426 11.313869 
-23.018770 11.001042 
-23.018770 10.636079 
-23.044838 10.245047 
-23.044838 9.854014 
-23.044838 9.541188 
-22.966633 9.254432 
-22.966633 8.967674 
-22.966633 8.576642 
-22.966633 8.211679 
-22.966633 7.924922 
-22.966633 7.612096 
-22.966633 7.273201 
-22.992701 6.908237 
-23.018770 6.569343 
-23.096975 6.282586 
-23.096975 5.995829 
-23.096975 5.735141 
-23.123045 5.396246 
-23.175182 5.083420 
-23.175182 4.822732 
CONTOUR-LINE z=4.899998 
-22.601669 10.974974 
-22.601669 10.583941 
-22.601669 10.140772 
-22.601669 9.775808 
-22.601669 9.436913 
-22.601669 9.176225 
-22.523462 8.863400 
-22.445255 8.550573 
-22.445255 8.263817 
-22.340981 7.977059 
-22.262774 7.716371 
-22.106361 7.455683 
-21.845673 7.351408 
-21.532846 7.351408 
-21.272158 7.455683 
-21.037539 7.638165 
-20.828989 7.898853 
-20.672575 8.133472 
-20.594370 8.420229 
-20.437956 8.680918 
-20.333681 8.967674 
-20.255474 9.228363 
-20.125130 9.462982 
-19.994785 9.723670 
-19.812304 10.088634 
-19.681961 10.349322 
-19.525547 10.557873 
-19.447342 10.818561 
-19.629824 11.079249 
-19.942648 11.131387 
-20.229406 11.183524 
-20.490093 11.209593 
-20.828989 11.209593 
-21.115746 11.261731 
-21.376434 11.261731 
-21.689260 11.261731 
CONTOUR-LINE z=4.499998 
-21.793535 5.917623 
-22.002085 5.735141 
-22.158499 5.474452 
-22.158499 5.187696 
-22.132429 4.927007 
-21.949947 4.666319 
-21.741398 4.483837 
-21.428572 4.353493 
-21.167883 4.275287 
-20.828989 4.197080 
-20.490093 4.197080 
-20.099062 4.249218 
-19.760166 4.431700 
-19.525547 4.692388 
-19.369135 4.927007 
-19.369135 5.239833 
-19.577684 5.578728 
-19.812304 5.865485 
-20.099062 5.995829 
-20.385818 6.074035 
-20.672575 6.152242 
-20.933264 6.230448 
CONTOUR-LINE z=6.699996 
-14.937435 10.140772 
-15.224192 10.140772 
-15.458811 9.984359 
-15.641293 9.645464 
-15.537018 9.384776 
-15.302399 9.228363 
-14.989573 9.176225 
-14.676746 9.228363 
-14.468196 9.410845 
-14.285714 9.645464 
-14.311783 9.906152 
-14.546403 10.062565 
CONTOUR-LINE z=7.199996 
-15.198123 9.906152 
-15.224192 9.619395 
-14.885297 9.567258 
-14.833159 9.880083 
CONTOUR-LINE z=6.199996 
-15.771637 10.323254 
-15.875913 10.062565 
-15.954119 9.801877 
-15.954119 9.541188 
-15.928050 9.228363 
-15.719500 8.993743 
-15.458811 8.915537 
-15.198123 8.889468 
-14.937435 8.837331 
-14.676746 8.837331 
-14.389990 8.915537 
-14.155370 9.124087 
-14.051095 9.384776 
-14.051095 9.671533 
-14.051095 9.932221 
-14.181439 10.166841 
-14.416059 10.349322 
-14.676746 10.401460 
-14.937435 10.427528 
-15.224192 10.427528 
-15.484880 10.401460 
CONTOUR-LINE z=5.799997 
-16.084463 10.557873 
-16.214808 10.297185 
-16.319082 10.010427 
-16.397289 9.749740 
-16.423357 9.489051 
-16.371220 9.228363 
-16.110531 9.019813 
-15.875913 8.863400 
-15.589155 8.759124 
-15.328467 8.733055 
-15.067779 8.680918 
-14.781022 8.680918 
-14.520333 8.628780 
-14.233577 8.628780 
-13.946819 8.706986 
-13.712200 8.941606 
-13.607924 9.202294 
-13.607924 9.489051 
-13.607924 9.749740 
-13.660063 10.010427 
-13.790406 10.271115 
-13.998958 10.505735 
-14.259645 10.714286 
-14.546403 10.818561 
-14.833159 10.844629 
-15.119917 10.844629 
-15.432742 10.844629 
-15.693431 10.844629 
CONTOUR-LINE z=4.599998 
-17.022940 5.656934 
-16.762253 5.683003 
-16.553701 5.839416 
-16.319082 5.995829 
-16.032326 6.126173 
-15.771637 6.204380 
-15.510949 6.126173 
-15.328467 5.865485 
-15.145986 5.630866 
-15.015641 5.344109 
-14.807091 5.135558 
-14.494265 5.135558 
-14.207508 5.239833 
-13.920751 5.370177 
-13.660063 5.526590 
-13.399374 5.709072 
-13.138686 5.735141 
-12.877998 5.787278 
-12.565172 5.839416 
-12.304483 5.891554 
-12.043796 5.969760 
-11.783108 6.100104 
-11.522419 6.256517 
-11.287800 6.438999 
-11.105318 6.647550 
-10.896768 6.856100 
-10.740355 7.090719 
-10.636079 7.351408 
-10.531804 7.638165 
-10.401460 7.872784 
-10.323254 8.133472 
-10.245047 8.394160 
-10.114703 8.654849 
-9.958290 8.941606 
-9.775808 9.150156 
-9.619395 9.384776 
-9.410845 9.645464 
-9.332638 9.932221 
-9.358707 10.192909 
-9.489051 10.453597 
-9.723671 10.662148 
-9.958290 10.792492 
-10.218978 10.896768 
-10.531804 10.974974 
-10.948905 11.001042 
-11.287800 11.079249 
-11.574557 11.131387 
-11.913451 11.183524 
-12.278415 11.261731 
-12.565172 11.313869 
-12.825860 11.339937 
-13.138686 11.339937 
-13.451512 11.339937 
-13.790406 11.339937 
-14.051095 11.339937 
-14.363921 11.339937 
-14.676746 11.339937 
-14.989573 11.339937 
-15.302399 11.339937 
-15.615224 11.339937 
-15.875913 11.339937 
-16.162670 11.392075 
-16.423357 11.418144 
-16.684046 11.444213 
-16.944735 11.444213 
-17.205421 11.313869 
-17.413973 11.157455 
-17.596455 10.948905 
-17.752867 10.714286 
-17.857143 10.453597 
-18.039625 10.166841 
-18.143900 9.906152 
-18.248175 9.645464 
-18.430656 9.410845 
-18.587070 9.176225 
-18.743483 8.837331 
-18.873827 8.602711 
-18.978102 8.315954 
-19.030239 8.029197 
-19.030239 7.716371 
-19.030239 7.455683 
-18.847757 7.247132 
-18.665276 6.986444 
-18.456726 6.751825 
-18.274244 6.517205 
-18.065693 6.360793 
-17.857143 6.152242 
-17.622524 5.943691 
CONTOUR-LINE z=4.999998 
-17.153284 6.230448 
-16.840458 6.308655 
-16.605839 6.465068 
-16.397289 6.647550 
-16.188738 6.856100 
-15.954119 7.064651 
-15.823774 7.299270 
-15.563087 7.351408 
-15.302399 7.403545 
-15.067779 7.273201 
-14.937435 7.038582 
-14.911366 6.777894 
-14.885297 6.491137 
-14.885297 6.230448 
-14.807091 5.943691 
-14.520333 5.865485 
-14.207508 5.891554 
-13.946819 5.891554 
-13.738269 6.074035 
-13.477581 6.256517 
-13.190824 6.360793 
-12.930136 6.412930 
-12.643378 6.465068 
-12.382690 6.517205 
-12.122002 6.647550 
-11.861314 6.777894 
-11.626695 6.908237 
-11.392076 7.064651 
-11.183524 7.221064 
-11.079249 7.507821 
-11.053181 7.768509 
-10.974974 8.055265 
-10.870699 8.315954 
-10.740355 8.550573 
-9.801877 9.697601 
-9.697601 9.958290 
-9.697601 10.245047 
-9.906152 10.479666 
-10.140772 10.610010 
-10.401460 10.688217 
-10.688217 10.740355 
-10.948905 10.792492 
-11.209594 10.818561 
-11.496350 10.844629 
-11.783108 10.870699 
-12.095933 10.870699 
-12.356622 10.870699 
-12.643378 10.896768 
-12.904067 10.948905 
-13.164755 10.974974 
-13.425443 11.001042 
-13.738269 11.027111 
-13.998958 11.053181 
-14.337852 11.079249 
-14.624609 11.079249 
-14.937435 11.079249 
-15.250260 11.079249 
-15.510949 11.079249 
-15.849844 11.079249 
-16.136600 11.079249 
-16.397289 11.079249 
-16.684046 11.079249 
-16.996872 11.079249 
-17.179354 10.870699 
-17.257561 10.583941 
-17.335766 10.323254 
-17.492180 10.114703 
-17.648592 9.906152 
-17.831074 9.697601 
-17.935349 9.358706 
-17.987488 9.098019 
-18.117830 8.863400 
-18.248175 8.550573 
-18.378519 8.315954 
-18.430656 7.977059 
-18.456726 7.716371 
-18.456726 7.455683 
-18.378519 7.194995 
-18.248175 6.934307 
-18.039625 6.725756 
-17.805006 6.569343 
-17.570385 6.412930 
CONTOUR-LINE z=5.499997 
-16.996872 6.699687 
-16.684046 6.725756 
-16.423357 6.856100 
-16.188738 7.064651 
-16.162670 7.325339 
-16.110531 7.586027 
-15.980187 7.820646 
-15.797706 8.029197 
-15.563087 8.211679 
-15.276329 8.289886 
-15.015641 8.263817 
-14.807091 8.081335 
-14.702815 7.820646 
-14.650678 7.533889 
-14.624609 7.273201 
-14.624609 6.986444 
-14.624609 6.699687 
-14.416059 6.491137 
-14.155370 6.465068 
-13.868613 6.491137 
-13.607924 6.569343 
-13.399374 6.751825 
-13.138686 6.882169 
-12.877998 6.934307 
-12.591241 6.986444 
-12.304483 7.090719 
-12.017727 7.221064 
-11.809176 7.403545 
-11.678832 7.664234 
-11.548488 7.924922 
-11.418144 8.159541 
-11.313869 8.420229 
-11.209594 8.706986 
-11.053181 8.993743 
-10.818561 9.228363 
-10.636079 9.436913 
-10.479667 9.697601 
-10.453597 9.958290 
-10.610010 10.271115 
-10.844630 10.401460 
-11.105318 10.505735 
-11.339937 10.636079 
-11.678832 10.636079 
-11.991658 10.636079 
-12.252346 10.662148 
-12.591241 10.688217 
-12.877998 10.688217 
-13.138686 10.714286 
-13.451512 10.766423 
-13.712200 10.792492 
-13.998958 10.870699 
-14.468196 10.974974 
-15.172054 11.001042 
-15.745568 10.974974 
-16.397289 10.766423 
-16.892597 10.479666 
-17.022940 10.218978 
-17.179354 9.958290 
-17.335766 9.723670 
-17.466110 9.489051 
-17.622524 9.176225 
-17.648592 8.915537 
-17.700729 8.628780 
-17.726799 8.368092 
-17.778936 8.081335 
-17.883211 7.820646 
-17.961418 7.507821 
-17.909281 7.247132 
-17.700729 7.012513 
-17.466110 6.830031 
CONTOUR-LINE z=5.799997 
-17.101147 8.811261 
-17.257561 8.602711 
-17.335766 8.315954 
-17.387903 8.055265 
-17.361835 7.768509 
-17.283628 7.507821 
-17.022940 7.403545 
-16.736183 7.403545 
-16.527634 7.586027 
-16.449427 7.846715 
-16.449427 8.107404 
-16.449427 8.420229 
-16.527634 8.706986 
-16.762253 8.915537 
CONTOUR-LINE z=5.699997 
-12.721585 10.505735 
-12.982273 10.401460 
-13.164755 10.192909 
-13.216892 9.932221 
-13.034410 9.723670 
-12.773723 9.671533 
-12.460896 9.619395 
-12.148071 9.619395 
-11.809176 9.619395 
-11.548488 9.593327 
-11.287800 9.619395 
-11.183524 9.932221 
-11.313869 10.218978 
-11.600626 10.323254 
-11.861314 10.375391 
-12.122002 10.401460 
CONTOUR-LINE z=3.799999 
5.370177 0.469239 
5.213764 0.677789 
4.927007 0.990615 
4.744525 1.225235 
4.562044 1.538060 
4.431700 1.824818 
4.275287 2.163712 
4.171011 2.580813 
4.092805 2.841501 
4.040668 3.180396 
3.988530 3.441084 
3.988530 3.753910 
4.040668 4.014598 
4.275287 4.249218 
4.588113 4.457768 
5.005214 4.666319 
5.291971 4.822732 
5.630866 4.927007 
5.865485 5.057352 
6.178311 5.213764 
6.491137 5.370177 
6.777894 5.500521 
7.064651 5.630866 
7.429614 5.709072 
7.716371 5.813347 
8.055265 5.865485 
8.394160 5.865485 
8.785192 5.865485 
9.202294 5.865485 
9.593327 5.865485 
9.932221 5.865485 
10.218978 5.839416 
10.505735 5.683003 
10.818561 5.500521 
11.053181 5.344109 
11.392076 5.083420 
11.626695 4.796663 
11.809176 4.562044 
11.965590 4.301355 
12.122002 4.040668 
12.278415 3.753910 
12.434828 3.441084 
12.565172 3.154327 
12.721585 2.841501 
12.825860 2.554744 
12.956204 2.137643 
13.164755 1.876955 
13.347237 1.459854 
13.581856 1.094890 
13.790406 0.755996 
14.051095 0.417101 
14.233577 0.156413 
14.442127 -0.130344 
14.624609 -0.417101 
14.781022 -0.808133 
14.911366 -1.120959 
15.041710 -1.485923 
15.198123 -1.824818 
15.302399 -2.111575 
15.406673 -2.424400 
15.406673 -2.789364 
15.328467 -3.128258 
15.015641 -3.310740 
14.702815 -3.467153 
14.442127 -3.545360 
14.103232 -3.571429 
13.738269 -3.571429 
13.347237 -3.597497 
12.825860 -3.571429 
12.252346 -3.493222 
11.757038 -3.336809 
11.444213 -3.232534 
11.001042 -3.128258 
10.740355 -3.050052 
10.479667 -2.971846 
9.984359 -2.711157 
9.697601 -2.580813 
9.280500 -2.398332 
8.837331 -2.215850 
8.420229 -1.955162 
8.133472 -1.798749 
7.872784 -1.616267 
7.507821 -1.485923 
7.142857 -1.329510 
6.751825 -1.173097 
6.465068 -1.016684 
6.230448 -0.860271 
5.995829 -0.677789 
5.761209 -0.443170 
5.552659 -0.182482 
5.526590 0.078206 
CONTOUR-LINE z=3.999999 
6.647550 4.405631 
6.334723 4.301355 
6.047966 4.144943 
5.839416 3.962461 
5.604797 3.727841 
5.526590 3.310740 
5.474452 2.945777 
5.474452 2.685089 
5.526590 2.294056 
5.630866 1.903024 
5.761209 1.616267 
5.891554 1.355579 
6.100104 1.016684 
6.308655 0.729927 
6.412930 0.417101 
6.543274 0.104275 
6.621481 -0.182482 
6.830031 -0.495308 
7.142857 -0.703858 
7.403545 -0.808133 
7.690302 -0.860271 
8.029197 -0.912409 
8.394160 -0.782065 
8.706986 -0.625652 
9.019813 -0.338895 
9.384776 -0.052138 
9.697601 0.104275 
9.906152 0.286757 
10.114703 0.573514 
10.323254 0.755996 
10.531804 1.042753 
10.688217 1.251303 
10.844630 1.485923 
11.001042 1.772680 
11.079249 2.033368 
11.079249 2.320125 
11.079249 2.580813 
11.027112 2.945777 
10.922836 3.284672 
10.766423 3.623566 
10.583941 3.884254 
10.427528 4.144943 
10.166841 4.327425 
9.932221 4.457768 
9.619395 4.640250 
9.280500 4.744525 
9.019813 4.822732 
8.654849 4.874870 
8.368092 4.874870 
7.977059 4.874870 
7.716371 4.848801 
7.455683 4.666319 
CONTOUR-LINE z=3.899999 
12.851929 -2.632951 
12.513035 -2.632951 
12.122002 -2.502607 
11.835245 -2.372263 
11.366006 -2.163712 
11.079249 -2.059437 
10.818561 -1.876955 
10.505735 -1.642336 
10.218978 -1.485923 
10.010427 -1.303441 
9.827946 -0.990615 
9.723671 -0.651721 
9.801877 -0.338895 
10.062565 -0.234619 
10.583941 -0.182482 
10.922836 -0.156413 
11.313869 -0.156413 
11.861314 -0.208551 
12.200209 -0.391032 
12.539104 -0.547445 
12.799791 -0.729927 
13.060480 -0.886340 
13.347237 -1.068822 
13.581856 -1.329510 
13.816476 -1.642336 
14.051095 -1.955162 
14.181439 -2.189781 
14.103232 -2.528676 
13.894682 -2.763295 
13.633994 -2.893639 
CONTOUR-LINE z=4.199998 
6.569343 3.388947 
6.386861 3.102190 
6.334723 2.789364 
6.282586 2.502607 
6.282586 2.085506 
6.308655 1.772680 
6.438999 1.459854 
6.543274 1.199166 
6.751825 0.938478 
7.064651 0.547445 
7.325339 0.417101 
7.612096 0.364964 
7.872784 0.312826 
8.263817 0.312826 
8.733055 0.417101 
8.993744 0.547445 
9.254432 0.729927 
9.593327 0.912409 
9.801877 1.120959 
10.010427 1.381648 
10.114703 1.642336 
10.192909 1.903024 
10.192909 2.163712 
10.140772 2.476538 
10.062565 2.815433 
9.827946 3.023983 
9.489051 3.206465 
9.202294 3.388947 
8.941606 3.441084 
8.680918 3.493222 
8.289886 3.571429 
8.029197 3.571429 
7.716371 3.571429 
7.455683 3.545360 
CONTOUR-LINE z=3.499999 
-9.801877 6.178311 
-9.749740 6.517205 
-9.619395 6.856100 
-9.515120 7.142857 
-9.436913 7.429614 
-9.332638 7.690302 
-9.254432 7.950991 
-9.228363 8.237747 
-9.202294 8.498436 
-9.150156 8.785192 
-9.124087 9.045881 
-8.993744 9.306569 
-8.863400 9.541188 
-8.811262 9.801877 
-8.733055 10.114703 
-8.628780 10.427528 
-8.446299 10.688217 
-8.185610 10.948905 
-7.898853 11.157455 
-7.664234 11.287800 
-7.429614 11.444213 
-7.142857 11.574556 
-6.856100 11.678832 
-6.595412 11.704901 
-6.308655 11.704901 
-6.021898 11.704901 
-5.761209 11.783108 
-2.111575 11.913451 
0.052138 11.887383 
2.267987 11.913451 
4.900939 11.626695 
5.135558 11.444213 
5.344109 11.261731 
5.630866 11.079249 
5.865485 10.870699 
6.126173 10.688217 
6.360793 10.531804 
6.621481 10.297185 
6.856100 10.140772 
7.090720 9.984359 
7.325339 9.801877 
7.559958 9.645464 
7.794578 9.462982 
7.977059 9.202294 
8.107404 8.837331 
8.185610 8.550573 
8.185610 8.263817 
8.185610 7.924922 
8.133472 7.664234 
8.003128 7.403545 
7.820646 7.116788 
7.664234 6.830031 
7.481752 6.621480 
7.247132 6.386861 
7.064651 6.178311 
6.830031 6.047966 
6.543274 5.891554 
6.308655 5.761209 
6.047966 5.604796 
5.787279 5.500521 
5.500521 5.422315 
5.213764 5.370177 
4.927007 5.318039 
4.666319 5.265902 
4.379562 5.239833 
4.040668 5.187696 
3.753910 5.135558 
3.493222 5.109489 
3.206465 5.083420 
2.945777 5.057352 
2.685089 5.031282 
2.372263 5.005214 
2.033368 4.979145 
1.746611 4.927007 
1.407716 4.927007 
1.120959 4.848801 
0.782065 4.796663 
0.443170 4.666319 
0.156413 4.562044 
-0.156413 4.483837 
-0.443170 4.483837 
-0.808133 4.483837 
-1.199166 4.483837 
-1.485923 4.483837 
-1.850886 4.483837 
-2.111575 4.483837 
-2.424400 4.483837 
-2.711158 4.509906 
-2.997915 4.588112 
-3.310740 4.666319 
-3.675704 4.692388 
-3.962461 4.744525 
-4.301355 4.796663 
-4.588113 4.848801 
-4.848801 4.900939 
-5.109489 4.953076 
-5.396246 4.979145 
-5.709072 5.031282 
-6.047966 5.109489 
-6.334723 5.109489 
-6.647550 5.109489 
-6.934307 5.109489 
-7.194995 5.109489 
-7.455683 5.109489 
-7.716371 5.031282 
-8.029197 4.900939 
-8.315954 4.770594 
-8.628780 4.640250 
-8.889468 4.588112 
-9.150156 4.509906 
-9.436913 4.431700 
-9.749740 4.405631 
-10.088634 4.405631 
-10.375391 4.405631 
-10.610010 4.535975 
-10.636079 4.796663 
-10.583941 5.083420 
-10.453597 5.344109 
-10.297185 5.578728 
