CONTOUR-LINE z=0.100000 
-24.765381 -12.513034 
-24.608967 12.617310 
24.739311 12.643378 
24.765381 -12.434828 
CONTOUR-LINE z=0.300000 
-9.410845 12.382690 
10.036496 12.356622 
10.036496 12.122002 
9.906152 11.887383 
9.775808 11.652763 
9.593327 11.444213 
9.384776 11.209593 
9.124087 11.053181 
8.863400 10.896768 
7.612096 10.349322 
7.481752 10.114703 
7.325339 9.906152 
7.116788 9.697601 
6.882169 9.515120 
6.621481 9.410845 
6.334723 9.306569 
6.047966 9.228363 
5.735141 9.124087 
5.448384 9.071950 
5.135558 9.019813 
4.822732 8.993743 
4.562044 8.941606 
4.301355 8.915537 
4.014598 8.863400 
3.753910 8.811261 
3.441084 8.811261 
3.154327 8.733055 
2.815433 8.733055 
2.476538 8.706986 
2.189781 8.628780 
1.850886 8.628780 
1.485923 8.628780 
1.120959 8.524505 
0.808133 8.498436 
0.521376 8.446299 
0.208551 8.342023 
-0.052138 8.289886 
-0.312826 8.211679 
-0.573514 8.185610 
-0.834202 8.133472 
-1.120959 8.133472 
-1.381648 8.133472 
-1.694473 8.133472 
-1.981230 8.133472 
-2.320125 8.133472 
-2.606882 8.133472 
-2.945777 8.133472 
-3.232534 8.159541 
-3.571429 8.159541 
-3.832117 8.237747 
-4.092805 8.315954 
-4.379562 8.394160 
-4.666319 8.524505 
-4.874870 8.680918 
-5.083420 8.889468 
-5.239833 9.124087 
-5.448384 9.306569 
-5.630866 9.567258 
-5.813347 9.775808 
-5.943691 10.010427 
-6.074036 10.245047 
-6.230448 10.479666 
-6.412930 10.714286 
-6.647550 10.870699 
-6.882169 11.053181 
-7.168926 11.157455 
-7.429614 11.235662 
-7.690302 11.313869 
-7.950991 11.392075 
-8.237747 11.496350 
-8.524505 11.548488 
-8.811262 11.626695 
-9.098019 11.704901 
-9.332638 11.861314 
CONTOUR-LINE z=0.500000 
-21.272158 -12.017727 
-21.167883 -11.757038 
-21.089676 -11.496350 
-21.011471 -11.209593 
-20.933264 -10.948905 
-20.828989 -10.688217 
-20.672575 -10.453597 
-20.516163 -10.218978 
-20.385818 -9.958290 
-20.229406 -9.697601 
-20.072992 -9.436913 
-19.942648 -9.202294 
-19.812304 -8.941606 
-19.655891 -8.680918 
-19.499479 -8.446299 
-19.316998 -8.237747 
-19.186653 -8.003128 
-19.004171 -7.794578 
-18.847757 -7.586027 
-18.613138 -7.403545 
-17.231491 -6.908237 
-17.022940 -7.090719 
-16.866528 -7.351408 
-16.736183 -7.612096 
-16.684046 -7.898853 
-16.684046 -8.159541 
-16.684046 -8.446299 
-16.684046 -8.733055 
-16.736183 -8.993743 
-16.762253 -9.254432 
-16.814390 -9.515120 
-16.788321 -9.775808 
-16.762253 -10.036496 
-16.762253 -10.297185 
-16.892597 -10.557873 
-17.022940 -10.792492 
-17.153284 -11.027111 
-17.205421 -11.287800 
-17.205421 -11.600626 
-17.101147 -11.861314 
-17.022940 -12.095933 
CONTOUR-LINE z=0.400000 
17.257561 -12.148070 
17.257561 -11.861314 
17.231491 -11.600626 
17.179354 -11.339937 
17.075079 -11.027111 
17.049009 -10.740355 
16.970802 -10.427528 
16.944735 -10.140772 
16.866528 -9.854014 
16.866528 -9.567258 
16.762253 -9.254432 
16.684046 -8.967674 
16.631908 -8.654849 
16.527634 -8.368092 
16.423357 -8.107404 
16.266945 -7.794578 
16.162670 -7.533889 
16.032326 -7.273201 
15.875913 -6.986444 
15.719500 -6.725756 
15.589155 -6.491137 
15.484880 -6.230448 
15.380605 -5.969760 
15.276329 -5.683003 
15.145986 -5.422315 
15.067779 -5.135558 
14.963504 -4.822732 
14.937435 -4.535975 
14.859228 -4.249218 
14.833159 -3.962461 
14.754953 -3.701773 
14.754953 -3.415016 
14.754953 -3.128258 
14.781022 -2.815433 
14.859228 -2.554744 
14.937435 -2.294056 
15.041710 -1.981230 
15.119917 -1.720542 
15.224192 -1.459854 
15.354536 -1.225235 
15.458811 -0.938478 
15.510949 -0.651721 
15.641293 -0.364964 
15.797706 -0.078206 
15.901981 0.260688 
16.006256 0.521376 
16.136600 0.808133 
16.214808 1.068822 
16.319082 1.407716 
16.423357 1.746611 
16.449427 2.033368 
16.501564 2.294056 
16.579771 2.580813 
16.657976 2.841501 
16.762253 3.128258 
16.814390 3.388947 
16.892597 3.649635 
17.022940 3.936392 
17.127216 4.197080 
17.257561 4.483837 
17.466110 4.796663 
17.674662 5.109489 
17.805006 5.474452 
17.987488 5.761209 
18.091763 6.021898 
18.196037 6.308655 
18.326382 6.543274 
18.404589 6.803962 
18.508863 7.064651 
18.587070 7.377477 
18.717415 7.664234 
18.899897 7.924922 
19.134516 8.081335 
19.421272 8.263817 
19.681961 8.368092 
19.942648 8.472367 
20.229406 8.550573 
20.516163 8.602711 
20.776852 8.654849 
21.037539 8.680918 
21.324297 8.706986 
21.611053 8.706986 
21.923880 8.733055 
22.184566 8.889468 
22.393118 9.045881 
22.601669 9.228363 
22.862356 9.306569 
23.149115 9.306569 
23.409801 9.254432 
23.670490 9.124087 
23.905109 8.993743 
24.113661 8.759124 
24.322210 8.550573 
24.452555 -12.148070 
CONTOUR-LINE z=0.400000 
-5.552659 -11.626695 
-5.735141 -11.392075 
-5.995829 -11.235662 
-6.230448 -11.079249 
-6.438999 -10.922836 
-6.673618 -10.766423 
-6.908238 -10.583941 
-7.038582 -10.349322 
-7.247132 -10.166841 
-7.429614 -9.958290 
-7.533889 -9.697601 
-7.586027 -9.436913 
-7.586027 -9.176225 
-7.586027 -8.889468 
-7.586027 -8.576642 
-7.586027 -8.263817 
-7.586027 -8.003128 
-7.455683 -7.716371 
-7.247132 -7.507821 
-7.064651 -7.299270 
-6.882169 -7.090719 
-6.621481 -6.934307 
-6.360793 -6.908237 
-6.100104 -6.908237 
-5.813347 -6.960375 
-5.500521 -7.064651 
-5.239833 -7.090719 
-4.640250 -6.986444 
-4.379562 -6.986444 
-4.118874 -6.986444 
-3.832117 -6.986444 
-3.545360 -6.986444 
-3.284672 -7.012513 
-2.919708 -7.012513 
-2.554744 -7.090719 
-2.241919 -7.142857 
-1.903024 -7.194995 
-1.616267 -7.221064 
-1.355579 -7.299270 
-1.068822 -7.429614 
-0.782065 -7.507821 
-0.547445 -7.664234 
-0.312826 -7.820646 
-0.078206 -7.977059 
0.156413 -8.133472 
0.391032 -8.289886 
0.599583 -8.472367 
0.782065 -8.680918 
0.886340 -8.941606 
0.938478 -9.202294 
0.938478 -9.515120 
0.938478 -9.801877 
0.912409 -10.062565 
0.808133 -10.349322 
0.651721 -10.583941 
0.495308 -10.844629 
0.286757 -11.027111 
0.026069 -11.131387 
-0.260688 -11.209593 
-0.547445 -11.287800 
-0.808133 -11.366006 
-1.068822 -11.444213 
-1.355579 -11.522419 
-1.616267 -11.574556 
-1.929093 -11.626695 
-2.189781 -11.652763 
-2.476538 -11.678832 
-2.737226 -11.704901 
-2.997915 -11.730969 
-3.310740 -11.783108 
-3.571429 -11.809176 
-3.858186 -11.913451 
-4.118874 -11.965590 
-4.379562 -11.991658 
-4.640250 -11.991658 
-4.900939 -11.991658 
-5.161627 -11.991658 
CONTOUR-LINE z=0.300000 
0.547445 -0.286757 
0.703858 -0.521376 
0.703858 -0.860271 
0.703858 -1.147028 
0.703858 -1.407716 
0.703858 -1.720542 
0.703858 -2.007299 
0.703858 -2.320125 
0.834202 -2.606882 
0.990615 -2.867570 
1.199166 -3.076121 
1.407716 -3.232534 
1.668405 -3.415016 
1.929093 -3.597497 
2.189781 -3.753910 
2.450469 -3.884254 
2.711158 -4.040668 
3.023983 -4.144943 
3.284672 -4.171011 
3.545360 -4.171011 
3.884254 -4.171011 
4.144943 -4.171011 
4.431700 -4.118874 
4.718457 -3.988530 
5.005214 -3.858186 
5.239833 -3.727841 
5.448384 -3.493222 
5.630866 -3.258603 
5.761209 -2.997915 
5.917623 -2.711157 
5.943691 -2.450469 
5.943691 -2.189781 
5.917623 -1.929093 
5.839416 -1.642336 
5.787279 -1.381648 
5.787279 -1.094890 
5.735141 -0.808133 
5.683003 -0.547445 
5.656934 -0.286757 
5.656934 0.026069 
5.813347 0.312826 
5.813347 0.625652 
5.813347 0.912409 
5.761209 1.173097 
5.578728 1.433785 
5.370177 1.616267 
5.109489 1.720542 
4.796663 1.824818 
4.509906 1.876955 
4.223149 1.903024 
3.936392 2.007299 
3.649635 2.059437 
3.388947 2.085506 
3.050052 2.059437 
2.763295 1.981230 
2.502607 1.876955 
2.241919 1.772680 
2.007299 1.616267 
1.277372 1.277372 
1.068822 1.068822 
0.912409 0.834202 
0.782065 0.599583 
0.651721 0.312826 
CONTOUR-LINE z=0.800000 
-24.296143 12.382690 
-16.553701 12.304483 
-16.188738 12.017727 
-15.954119 11.809176 
-15.719500 11.652763 
-15.484880 11.444213 
-15.302399 11.235662 
-15.093848 11.053181 
-14.885297 10.844629 
-14.650678 10.662148 
-14.416059 10.479666 
-14.181439 10.271115 
-13.972888 10.114703 
-13.764338 9.906152 
-13.581856 9.645464 
-13.529718 9.384776 
-13.503650 9.124087 
-13.477581 8.863400 
-13.425443 8.602711 
-13.425443 8.315954 
-13.425443 8.029197 
-13.425443 7.742440 
-13.373305 7.481752 
-13.242962 7.221064 
-13.008342 7.064651 
-12.799791 6.803962 
-12.591241 6.621480 
-12.356622 6.386861 
-12.095933 6.204380 
-11.887383 6.021898 
-11.704901 5.787278 
-11.652763 5.500521 
-11.600626 5.239833 
-11.600626 4.953076 
-11.600626 4.666319 
-11.600626 4.379562 
-11.600626 4.092805 
-11.730969 3.858186 
-11.913451 3.623566 
-12.148071 3.493222 
-12.408759 3.467153 
-12.721585 3.467153 
-13.060480 3.467153 
-13.373305 3.467153 
-13.633994 3.467153 
-13.920751 3.467153 
-14.207508 3.388947 
-14.494265 3.336809 
-14.807091 3.232534 
-15.067779 3.128258 
-15.198123 2.893639 
-15.276329 2.632951 
-15.537018 2.528676 
-15.875913 2.528676 
-16.188738 2.528676 
-16.449427 2.554744 
-16.736183 2.606882 
-17.022940 2.659020 
-17.283628 2.659020 
-17.544317 2.659020 
-17.752867 2.450469 
-17.857143 2.189781 
-17.857143 1.903024 
-17.831074 1.590198 
-17.752867 1.277372 
-17.648592 0.990615 
-17.544317 0.729927 
-17.387903 0.495308 
-17.231491 0.260688 
-16.996872 0.052138 
-16.736183 -0.208551 
-16.475494 -0.495308 
-16.240875 -0.782065 
-16.058393 -1.042753 
-15.823774 -1.355579 
-15.667362 -1.642336 
-15.589155 -1.903024 
-15.537018 -2.163712 
-15.458811 -2.502607 
-15.458811 -2.789364 
-15.458811 -3.050052 
-15.667362 -3.258603 
-15.849844 -3.493222 
-16.084463 -3.649635 
-16.397289 -3.779979 
-16.657976 -3.884254 
-16.918665 -3.988530 
-17.205421 -4.144943 
-17.413973 -4.301355 
-17.674662 -4.483837 
-17.805006 -4.744525 
-18.039625 -4.953076 
-18.274244 -5.161627 
-18.534933 -5.422315 
-18.795620 -5.578728 
-19.004171 -5.735141 
-19.264860 -5.839416 
-19.525547 -5.943691 
-19.786236 -5.969760 
-20.072992 -6.021898 
-20.385818 -6.047966 
-20.698645 -6.100104 
-21.063608 -6.152242 
-21.324297 -6.152242 
-21.663191 -6.152242 
-21.949947 -6.152242 
-22.210636 -6.126173 
-22.419188 -5.943691 
-22.653807 -5.735141 
-22.888426 -5.526590 
-23.018770 -5.291971 
-23.201252 -5.057352 
-23.383734 -4.822732 
-23.618353 -4.692388 
-23.905109 -4.588112 
-24.165798 -4.509906 
-24.426485 -4.483837 
CONTOUR-LINE z=0.500000 
-8.211679 12.200209 
9.228363 12.174140 
9.202294 11.939520 
9.150156 11.652763 
8.967674 11.444213 
8.706986 11.339937 
8.446299 11.235662 
8.185610 11.157455 
7.924922 11.079249 
7.664234 11.001042 
7.403545 10.948905 
7.142857 10.844629 
6.934307 10.636079 
6.751825 10.427528 
6.543274 10.245047 
6.308655 10.114703 
6.100104 9.932221 
5.839416 9.775808 
5.552659 9.671533 
5.265902 9.593327 
5.005214 9.515120 
4.744525 9.462982 
4.483837 9.410845 
4.223149 9.358706 
1.225235 9.019813 
-0.312826 8.628780 
-1.772680 8.628780 
-4.014598 8.733055 
-5.005214 9.254432 
-5.813347 10.453597 
-6.308655 11.183524 
-7.221064 11.600626 
-7.977059 11.913451 
CONTOUR-LINE z=0.800000 
-7.116788 12.017727 
8.654849 12.017727 
8.498436 11.704901 
7.612096 11.522419 
7.351408 11.418144 
7.090720 11.313869 
6.830031 11.183524 
6.595412 11.001042 
6.412930 10.792492 
6.178311 10.636079 
5.917623 10.531804 
5.683003 10.401460 
5.422315 10.323254 
5.135558 10.245047 
4.874870 10.166841 
4.614182 10.140772 
4.353493 10.088634 
4.092805 10.062565 
3.832117 10.010427 
3.571429 9.932221 
3.284672 9.801877 
2.997915 9.801877 
2.737226 9.749740 
2.476538 9.723670 
2.163712 9.723670 
1.903024 9.671533 
1.590198 9.645464 
1.329510 9.645464 
1.068822 9.619395 
0.808133 9.567258 
0.547445 9.541188 
0.286757 9.489051 
0.026069 9.436913 
-0.234619 9.410845 
-0.495308 9.384776 
-0.782065 9.332638 
-1.042753 9.306569 
-1.303441 9.280500 
-3.623566 9.332638 
-5.187696 10.062565 
-5.917623 11.548488 
CONTOUR-LINE z=1.200000 
-5.813347 11.861314 
7.846715 11.887383 
6.595412 11.548488 
6.360793 11.418144 
6.152242 11.261731 
5.943691 11.079249 
5.709072 10.922836 
5.448384 10.818561 
5.187696 10.766423 
4.927007 10.740355 
2.059437 10.166841 
-0.886340 9.854014 
-2.789364 9.749740 
-4.223149 10.088634 
-5.057352 10.636079 
-5.422315 11.496350 
CONTOUR-LINE z=1.600000 
-5.057352 11.730969 
-5.057352 11.235662 
-4.848801 10.792492 
-4.405631 10.479666 
-3.779979 10.166841 
-2.632951 10.036496 
-0.755996 10.114703 
2.450469 10.505735 
3.623566 10.740355 
4.770595 11.053181 
5.422315 11.235662 
5.865485 11.704901 
CONTOUR-LINE z=1.900000 
-4.770595 11.574556 
-4.640250 11.131387 
-4.066736 10.688217 
-3.493222 10.505735 
-2.528676 10.427528 
-1.225235 10.427528 
0.208551 10.583941 
1.590198 10.662148 
2.815433 10.922836 
3.493222 11.339937 
3.076121 11.522419 
CONTOUR-LINE z=2.200000 
-2.141501 11.366006 
-2.841084 11.053181 
-2.297915 10.714286 
-0.494890 10.714286 
0.778206 10.922836 
-0.273858 11.418144 
CONTOUR-LINE z=0.800000 
-20.516163 -11.652763 
-19.838373 -10.114703 
-19.734098 -9.854014 
-19.577684 -9.619395 
-19.395203 -9.410845 
-19.186653 -9.228363 
-18.978102 -9.019813 
-18.743483 -8.837331 
-18.534933 -8.654849 
-18.326382 -8.498436 
-18.117830 -8.342023 
-17.909281 -8.159541 
-17.648592 -8.159541 
-17.492180 -8.420229 
-17.361835 -8.654849 
-17.335766 -8.915537 
-17.335766 -9.228363 
-17.361835 -9.489051 
-17.440042 -9.749740 
-17.544317 -10.010427 
-17.700729 -10.245047 
-17.726799 -10.505735 
-17.805006 -10.766423 
-17.883211 -11.027111 
-17.909281 -11.287800 
-17.961418 -11.783108 
CONTOUR-LINE z=1.200000 
-19.603754 -11.131387 
-19.577684 -10.844629 
-19.473410 -10.583941 
-19.369135 -10.323254 
-19.212721 -10.062565 
-19.082378 -9.827946 
-18.925964 -9.593327 
-18.743483 -9.384776 
-18.508863 -9.254432 
-18.248175 -9.202294 
-18.065693 -9.410845 
-18.013556 -9.671533 
-18.013556 -9.932221 
-18.091763 -10.218978 
-18.222107 -10.453597 
-18.378519 -10.688217 
-18.534933 -10.896768 
-18.743483 -11.105318 
-18.952034 -11.261731 
-19.212721 -11.313869 
CONTOUR-LINE z=0.600000 
3.206465 -3.571429 
2.685089 -3.336809 
2.450469 -3.206465 
2.241919 -2.997915 
2.059437 -2.789364 
1.929093 -2.528676 
1.876955 -2.241919 
1.850886 -1.981230 
1.798749 -1.720542 
1.772680 -1.459854 
1.746611 -1.199166 
1.746611 -0.938478 
1.772680 -0.677789 
1.903024 -0.417101 
2.007299 -0.156413 
2.163712 0.104275 
2.346194 0.312826 
2.580813 0.443170 
2.867570 0.495308 
3.128259 0.547445 
3.415016 0.547445 
3.675704 0.599583 
3.936392 0.677789 
4.197080 0.729927 
4.457768 0.782065 
4.692388 0.599583 
5.344109 0.000000 
5.578728 -0.886340 
5.604797 -1.668405 
5.709072 -2.450469 
5.500521 -2.971846 
5.083420 -3.493222 
4.405631 -3.753910 
3.727842 -3.858186 
3.336809 -3.727841 
CONTOUR-LINE z=0.900000 
3.832117 -3.571429 
3.258603 -3.284672 
2.685089 -3.023983 
2.294056 -2.528676 
2.111575 -1.381648 
2.450469 -0.312826 
3.623566 0.182482 
4.405631 0.156413 
4.848801 -0.260688 
5.239833 -1.225235 
5.318039 -2.085506 
5.109489 -2.815433 
4.770595 -3.284672 
4.379562 -3.388947 
CONTOUR-LINE z=1.300000 
4.014598 -3.258603 
4.692388 -3.102190 
5.031282 -2.502607 
5.161627 -1.746611 
4.927007 -1.120959 
4.718457 -0.495308 
4.327425 -0.260688 
3.910323 -0.338895 
2.997915 -0.964546 
2.502607 -1.824818 
2.737226 -2.580813 
3.310740 -2.919708 
3.701773 -3.154327 
CONTOUR-LINE z=1.600000 
4.301355 -2.893639 
4.640250 -2.659020 
4.822732 -2.111575 
4.900939 -1.538060 
4.640250 -0.938478 
4.379562 -0.703858 
3.493222 -1.120959 
3.050052 -1.850886 
3.232534 -2.476538 
3.519291 -2.711157 
3.910323 -2.867570 
CONTOUR-LINE z=2.000000 
4.092805 -2.606882 
3.649635 -2.372263 
3.623566 -1.929093 
3.884254 -1.642336 
4.353493 -1.642336 
4.483837 -2.033368 
4.379562 -2.398332 
CONTOUR-LINE z=2.200000 
3.936392 -2.163712 
4.014598 -1.929093 
4.197080 -2.137643 
CONTOUR-LINE z=0.600000 
-5.161627 -11.678832 
-5.630866 -11.131387 
-6.699687 -10.349322 
-7.273201 -9.723670 
-7.299270 -8.680918 
-7.012513 -8.081335 
-6.334723 -7.768509 
-5.709072 -7.924922 
-5.005214 -8.498436 
-4.171011 -9.489051 
-3.649635 -10.531804 
-3.441084 -11.444213 
-4.249218 -11.678832 
-4.666319 -11.678832 
CONTOUR-LINE z=0.600000 
-4.770595 -7.481752 
-4.718457 -7.820646 
-4.562044 -8.315954 
-4.301355 -8.759124 
-3.675704 -9.410845 
-3.102190 -10.114703 
-2.424400 -10.792492 
-1.903024 -10.870699 
-1.303441 -11.079249 
-0.208551 -10.844629 
0.338895 -10.323254 
0.625652 -9.827946 
0.729927 -9.150156 
0.364964 -8.706986 
-0.182482 -8.185610 
-0.886340 -7.742440 
-2.111575 -7.403545 
-3.284672 -7.273201 
-4.249218 -7.273201 
CONTOUR-LINE z=0.800000 
-4.483837 -7.612096 
-4.431700 -7.898853 
-4.275287 -8.237747 
-3.988530 -8.602711 
-3.623566 -8.993743 
-3.023983 -8.915537 
-2.346194 -8.785192 
-1.981230 -8.420229 
-1.981230 -8.029197 
-2.398332 -7.690302 
-2.893639 -7.559958 
-3.545360 -7.455683 
-4.092805 -7.429614 
CONTOUR-LINE z=0.900000 
-2.815433 -9.906152 
-2.685089 -9.410845 
-2.215850 -8.967674 
-1.616267 -8.602711 
-1.381648 -8.185610 
-1.068822 -8.003128 
-0.677789 -8.107404 
-0.078206 -8.628780 
0.338895 -9.202294 
0.364964 -9.697601 
0.130344 -10.245047 
-0.417101 -10.531804 
-0.834202 -10.662148 
-1.616267 -10.688217 
-2.398332 -10.453597 
CONTOUR-LINE z=1.100000 
-1.798749 -8.993743 
-1.929093 -9.358706 
-1.694473 -9.958290 
-1.277372 -10.323254 
-0.860271 -10.349322 
-0.312826 -10.166841 
0.026069 -9.801877 
0.078206 -9.332638 
-0.156413 -8.941606 
-0.599583 -8.550573 
-0.990615 -8.342023 
-1.381648 -8.654849 
CONTOUR-LINE z=1.300000 
-1.485923 -9.098019 
-1.329510 -9.541188 
-0.938478 -9.906152 
-0.443170 -9.958290 
-0.156413 -9.697601 
-0.156413 -9.358706 
-0.417101 -9.071950 
-0.703858 -8.733055 
-1.016684 -8.680918 
CONTOUR-LINE z=1.400000 
-1.251303 -9.124087 
-0.990615 -9.489051 
-0.625652 -9.723670 
-0.364964 -9.567258 
-0.599583 -9.176225 
-0.938478 -8.915537 
CONTOUR-LINE z=0.800000 
-5.135558 -11.339937 
-5.604797 -10.714286 
-6.517205 -10.088634 
-6.777894 -9.567258 
-6.465068 -8.967674 
-5.578728 -8.915537 
-4.796663 -9.541188 
-4.118874 -10.662148 
-4.066736 -11.105318 
-4.483837 -11.418144 
CONTOUR-LINE z=1.000000 
-5.031282 -10.974974 
-4.718457 -11.079249 
-4.457768 -10.792492 
-4.562044 -10.427528 
-4.953076 -10.192909 
-5.213764 -9.906152 
-5.500521 -10.010427 
-5.344109 -10.375391 
-5.187696 -10.662148 
CONTOUR-LINE z=1.000000 
-3.962461 -7.820646 
-3.884254 -8.133472 
-3.675704 -8.368092 
-3.102190 -8.446299 
-2.580813 -8.263817 
-3.128259 -7.950991 
-3.545360 -7.794578 
CONTOUR-LINE z=0.700000 
17.544317 -11.913451 
24.244003 -11.861314 
24.087591 8.420229 
23.826902 8.628780 
23.592283 8.759124 
23.331594 8.863400 
23.070908 8.889468 
22.836288 8.733055 
22.627737 8.524505 
22.393118 8.368092 
22.158499 8.237747 
21.897810 8.159541 
21.637121 8.159541 
21.376434 8.107404 
21.115746 8.003128 
20.855057 7.924922 
20.594370 7.820646 
20.281544 7.664234 
19.994785 7.533889 
19.760166 7.377477 
19.525547 7.221064 
19.343065 6.986444 
19.160583 6.725756 
19.082378 6.438999 
19.030239 6.178311 
18.978102 5.891554 
18.873827 5.578728 
18.691345 5.370177 
18.561001 5.109489 
18.430656 4.874870 
18.326382 4.614182 
18.196037 4.353493 
18.091763 4.092805 
17.961418 3.832117 
17.805006 3.571429 
17.674662 3.310740 
17.518248 3.102190 
17.361835 2.867570 
17.283628 2.606882 
17.231491 2.346194 
17.179354 2.085506 
17.075079 1.824818 
16.996872 1.538060 
16.892597 1.251303 
16.814390 0.990615 
16.736183 0.703858 
16.684046 0.443170 
16.657976 0.182482 
16.553701 -0.078206 
16.423357 -0.364964 
16.240875 -0.599583 
16.136600 -0.860271 
16.032326 -1.120959 
15.954119 -1.381648 
15.901981 -1.642336 
15.797706 -1.903024 
15.719500 -2.163712 
15.693431 -2.424400 
15.589155 -2.711157 
15.484880 -2.971846 
15.458811 -3.232534 
15.406673 -3.493222 
15.406673 -3.779979 
15.406673 -4.040668 
15.406673 -4.353493 
15.406673 -4.614182 
16.944735 -8.498436 
17.387903 -10.740355 
CONTOUR-LINE z=1.000000 
17.778936 -11.522419 
23.983316 -11.600626 
23.905109 8.315954 
23.696558 8.368092 
23.409801 8.368092 
23.149115 8.315954 
22.888426 8.263817 
22.679874 8.081335 
22.471325 7.898853 
22.262774 7.742440 
22.002085 7.638165 
21.741398 7.586027 
21.480709 7.507821 
21.220020 7.403545 
20.959333 7.273201 
20.698645 7.168926 
20.464025 7.012513 
20.255474 6.856100 
19.994785 6.725756 
19.760166 6.569343 
19.629824 6.334723 
19.473410 6.126173 
19.447342 5.865485 
19.369135 5.578728 
18.795620 4.353493 
17.648592 2.241919 
16.892597 -0.026069 
16.501564 -1.407716 
15.771637 -3.727841 
16.371220 -5.265902 
16.996872 -7.586027 
17.648592 -9.880083 
17.778936 -10.766423 
CONTOUR-LINE z=1.400000 
17.935349 -11.235662 
23.774765 -11.366006 
23.748697 8.159541 
23.461939 7.977059 
23.201252 7.820646 
23.044838 7.612096 
22.914494 7.377477 
22.732012 7.142857 
22.497393 6.960375 
22.158499 6.803962 
21.897810 6.725756 
21.637121 6.647550 
21.376434 6.569343 
21.115746 6.517205 
20.855057 6.412930 
20.594370 6.308655 
20.359749 6.100104 
20.203337 5.865485 
20.072992 5.630866 
19.916580 5.396246 
19.812304 5.135558 
19.681961 4.900939 
19.551617 4.640250 
19.499479 4.379562 
19.369135 4.144943 
19.212721 3.936392 
19.056309 3.675704 
18.978102 3.388947 
18.873827 3.128258 
18.795620 2.867570 
18.665276 2.580813 
18.587070 2.320125 
18.587070 2.033368 
18.534933 1.772680 
18.456726 1.511992 
18.352451 1.251303 
18.222107 1.016684 
18.117830 0.755996 
17.987488 0.469239 
17.909281 0.208551 
17.883211 -0.052138 
17.831074 -0.364964 
17.778936 -0.651721 
17.700729 -0.938478 
17.674662 -1.251303 
17.622524 -1.538060 
17.518248 -1.824818 
17.440042 -2.163712 
17.413973 -2.424400 
17.413973 -2.711157 
17.413973 -2.971846 
17.492180 -3.258603 
17.518248 -3.519291 
17.622524 -3.832117 
17.674662 -4.092805 
17.778936 -4.379562 
17.935349 -4.640250 
18.039625 -4.953076 
18.065693 -5.213764 
18.143900 -5.500521 
18.196037 -5.787278 
18.248175 -6.047966 
18.248175 -6.308655 
18.248175 -6.595412 
18.248175 -6.882169 
18.248175 -7.142857 
18.222107 -7.429614 
18.196037 -7.690302 
18.143900 -7.950991 
18.143900 -8.237747 
18.143900 -8.524505 
18.117830 -8.785192 
18.091763 -9.045881 
18.091763 -9.332638 
18.065693 -9.619395 
18.039625 -9.880083 
18.013556 -10.714286 
CONTOUR-LINE z=1.800000 
23.592283 -11.157455 
23.566216 6.830031 
22.940563 6.751825 
22.732012 6.595412 
22.523462 6.386861 
22.314911 6.204380 
22.054224 6.021898 
21.819603 5.813347 
21.611053 5.630866 
21.402502 5.448384 
21.220020 5.239833 
21.037539 5.005214 
20.907194 4.770594 
20.750782 4.535975 
20.594370 4.301355 
20.464025 4.066736 
20.281544 3.753910 
20.151199 3.519291 
20.046925 3.206465 
19.942648 2.945777 
19.864443 2.685089 
19.734098 2.424400 
19.603754 2.137643 
19.421272 1.772680 
19.264860 1.538060 
19.160583 1.251303 
19.030239 0.964546 
18.899897 0.703858 
18.821690 0.443170 
18.691345 0.208551 
18.587070 -0.052138 
18.456726 -0.312826 
18.378519 -0.573514 
18.300312 -0.834202 
18.222107 -1.094890 
18.143900 -1.355579 
18.117830 -1.616267 
18.117830 -1.929093 
18.117830 -2.215850 
18.117830 -2.502607 
18.169970 -2.763295 
18.222107 -3.050052 
18.274244 -3.336809 
18.404589 -3.571429 
18.534933 -3.806048 
18.665276 -4.066736 
18.821690 -4.379562 
18.978102 -4.614182 
19.108446 -4.874870 
19.160583 -5.239833 
19.186653 -5.578728 
19.186653 -5.839416 
19.186653 -6.100104 
19.186653 -6.360793 
19.186653 -6.647550 
19.186653 -6.986444 
19.082378 -7.273201 
19.030239 -7.612096 
18.978102 -7.898853 
18.925964 -8.211679 
18.847757 -8.524505 
18.795620 -8.811261 
18.743483 -9.071950 
18.691345 -9.384776 
18.508863 -9.619395 
18.430656 -9.880083 
18.430656 -10.166841 
18.482794 -10.427528 
18.534933 -10.688217 
18.404589 -10.948905 
18.482794 -11.053181 
CONTOUR-LINE z=2.200000 
22.653807 -10.844629 
22.992701 -10.557873 
23.305527 -9.567258 
23.357664 -1.485923 
23.279457 0.886340 
23.331594 3.832117 
23.070908 4.666319 
22.523462 4.979145 
21.663191 4.379562 
21.532846 4.118874 
21.350365 3.910323 
21.220020 3.675704 
21.089676 3.441084 
21.011471 3.180396 
20.907194 2.867570 
20.724712 2.580813 
20.542231 2.294056 
20.411888 2.033368 
20.359749 1.746611 
20.281544 1.459854 
20.203337 1.199166 
20.099062 0.912409 
19.968718 0.651721 
19.786236 0.443170 
19.708029 0.182482 
19.525547 -0.026069 
19.421272 -0.286757 
19.316998 -0.547445 
19.264860 -0.834202 
19.212721 -1.094890 
19.212721 -1.381648 
19.186653 -1.642336 
19.186653 -1.929093 
19.186653 -2.241919 
19.212721 -2.502607 
19.264860 -2.763295 
19.395203 -3.076121 
19.473410 -3.362878 
19.499479 -3.623566 
19.577684 -3.936392 
19.603754 -4.223149 
19.629824 -4.509906 
19.629824 -4.796663 
19.655891 -5.057352 
19.708029 -5.344109 
19.786236 -5.630866 
19.812304 -5.917623 
19.838373 -6.230448 
19.864443 -6.491137 
19.864443 -6.777894 
19.916580 -7.116788 
19.916580 -7.403545 
19.916580 -7.664234 
19.838373 -7.924922 
19.786236 -8.185610 
19.786236 -8.446299 
19.786236 -8.733055 
19.786236 -9.019813 
19.812304 -9.306569 
19.942648 -9.541188 
20.099062 -9.827946 
20.307611 -10.010427 
20.542231 -10.218978 
20.750782 -10.401460 
21.011471 -10.505735 
21.272158 -10.531804 
21.558916 -10.714286 
21.845673 -10.844629 
22.106361 -10.844629 
22.419188 -10.844629 
CONTOUR-LINE z=2.699999 
21.272158 -9.880083 
20.411888 -8.107404 
20.046925 -4.301355 
19.734098 -2.528676 
19.838373 -2.267987 
19.864443 -1.981230 
19.968718 -1.720542 
20.072992 -1.407716 
20.203337 -1.094890 
20.307611 -0.834202 
20.490093 -0.495308 
20.594370 -0.208551 
20.776852 0.104275 
20.933264 0.469239 
21.089676 0.808133 
21.167883 1.068822 
21.246090 1.329510 
21.324297 1.590198 
21.402502 1.903024 
21.558916 2.163712 
21.715328 2.398332 
22.002085 2.398332 
22.132429 2.163712 
22.288843 1.772680 
22.471325 1.459854 
22.497393 1.199166 
22.601669 0.860271 
22.679874 0.469239 
22.758081 0.182482 
22.784151 -0.104275 
22.836288 -0.417101 
22.862356 -0.729927 
22.888426 -1.016684 
22.888426 -1.329510 
22.888426 -1.616267 
22.862356 -1.981230 
22.810219 -2.267987 
22.758081 -2.606882 
22.732012 -2.971846 
22.732012 -3.258603 
22.705944 -3.545360 
22.653807 -3.884254 
22.653807 -4.171011 
22.627737 -4.483837 
22.523462 -4.822732 
22.497393 -5.161627 
22.419188 -5.448384 
22.367048 -5.839416 
22.288843 -6.438999 
22.236706 -6.830031 
22.184566 -7.194995 
22.184566 -7.481752 
22.184566 -7.820646 
22.210636 -8.133472 
22.340981 -8.420229 
22.419188 -8.680918 
22.497393 -8.967674 
22.523462 -9.254432 
22.497393 -9.515120 
22.314911 -9.723670 
22.106361 -9.906152 
CONTOUR-LINE z=3.099999 
20.907194 -7.898853 
20.750782 -6.803962 
20.672575 -6.543274 
20.620438 -6.256517 
20.516163 -5.969760 
20.464025 -5.630866 
20.437956 -5.370177 
20.437956 -5.057352 
20.411888 -4.770594 
20.411888 -4.483837 
20.411888 -4.197080 
20.411888 -3.910323 
20.464025 -3.649635 
20.516163 -3.388947 
20.542231 -3.128258 
20.594370 -2.763295 
20.594370 -2.476538 
20.646507 -2.215850 
20.724712 -1.955162 
20.881126 -1.720542 
20.985401 -1.433785 
21.089676 -1.120959 
21.167883 -0.834202 
21.324297 -0.573514 
21.428572 -0.286757 
21.558916 -0.026069 
21.819603 0.078206 
22.028154 -0.104275 
22.210636 -0.338895 
22.340981 -0.599583 
22.419188 -0.886340 
22.445255 -1.147028 
22.471325 -1.407716 
22.471325 -1.694473 
22.445255 -1.981230 
22.367048 -2.267987 
22.262774 -2.580813 
22.210636 -2.841501 
22.106361 -3.154327 
22.054224 -3.441084 
22.002085 -3.701773 
21.949947 -3.962461 
21.871742 -4.223149 
21.819603 -4.509906 
21.793535 -4.796663 
21.767466 -5.083420 
21.689260 -5.344109 
21.689260 -5.630866 
21.689260 -5.891554 
21.689260 -6.204380 
21.689260 -6.465068 
21.689260 -6.751825 
21.689260 -7.012513 
21.689260 -7.377477 
21.689260 -7.664234 
21.689260 -7.950991 
21.689260 -8.237747 
21.689260 -8.498436 
21.584984 -8.759124 
21.298227 -8.759124 
21.115746 -8.550573 
CONTOUR-LINE z=3.299999 
20.985401 -6.100104 
20.750782 -5.057352 
20.750782 -4.796663 
20.750782 -4.535975 
20.776852 -4.275287 
20.828989 -4.014598 
20.881126 -3.727841 
20.985401 -3.441084 
21.063608 -3.180396 
21.115746 -2.893639 
21.220020 -2.632951 
21.272158 -2.372263 
21.350365 -2.111575 
21.376434 -1.850886 
21.506779 -1.616267 
21.767466 -1.538060 
21.923880 -1.746611 
21.949947 -2.007299 
21.949947 -2.294056 
21.949947 -2.554744 
21.871742 -2.815433 
21.741398 -3.102190 
21.637121 -3.362878 
21.532846 -3.675704 
21.428572 -3.936392 
21.376434 -4.249218 
21.376434 -4.509906 
21.376434 -4.796663 
21.376434 -5.083420 
21.428572 -5.344109 
21.428572 -5.630866 
21.428572 -5.917623 
21.402502 -6.178311 
21.376434 -6.438999 
21.376434 -6.725756 
21.141815 -6.856100 
21.089676 -6.569343 
CONTOUR-LINE z=1.400000 
-17.857143 3.154327 
-18.039625 3.388947 
-18.222107 3.649635 
-18.430656 3.910323 
-18.587070 4.118874 
-18.821690 4.327425 
-19.004171 4.562044 
-19.212721 4.796663 
-19.395203 5.031282 
-19.525547 5.265902 
-19.681961 5.474452 
-19.916580 5.683003 
-20.177267 5.813347 
-20.411888 5.943691 
-20.672575 6.074035 
-20.933264 6.178311 
-21.167883 6.308655 
-21.402502 6.438999 
-21.611053 6.595412 
-21.949947 6.882169 
-22.158499 7.064651 
-22.340981 7.273201 
-22.549530 7.455683 
-22.784151 7.612096 
-23.018770 7.742440 
-23.279457 7.898853 
-23.514076 8.029197 
-23.774765 8.133472 
-24.191866 8.315954 
-24.165798 12.200209 
-16.814390 12.122002 
-16.579771 11.861314 
-16.345152 11.678832 
-16.162670 11.444213 
-16.006256 11.209593 
-15.875913 10.922836 
-15.719500 10.688217 
-15.589155 10.453597 
-15.406673 10.218978 
-15.172054 10.088634 
-14.963504 9.906152 
-14.728885 9.723670 
-14.494265 9.567258 
-14.285714 9.384776 
-14.129301 9.176225 
-13.972888 8.941606 
-13.946819 8.680918 
-13.946819 8.394160 
-13.946819 8.107404 
-13.868613 7.846715 
-13.842545 7.586027 
-13.712200 7.299270 
-13.607924 7.012513 
-13.477581 6.751825 
-13.347237 6.517205 
-13.112617 6.308655 
-12.904067 6.100104 
-12.669447 5.917623 
-12.460896 5.683003 
-12.330553 5.422315 
-12.304483 5.135558 
-12.174140 4.822732 
-12.148071 4.562044 
-12.278415 4.327425 
-12.513035 4.197080 
-12.773723 4.092805 
-13.034410 4.066736 
-13.295099 4.066736 
-13.607924 4.066736 
-13.894682 4.014598 
-14.181439 4.014598 
-14.494265 3.962461 
-14.781022 3.832117 
-15.067779 3.675704 
-15.302399 3.493222 
-15.458811 3.258603 
-15.641293 3.023983 
-15.849844 2.867570 
-16.188738 2.867570 
-16.449427 2.867570 
-16.710115 2.867570 
-16.996872 2.867570 
-17.283628 2.893639 
-17.518248 3.023983 
CONTOUR-LINE z=1.500000 
-22.184566 -5.656934 
-22.393118 -5.500521 
-22.575600 -5.239833 
-22.732012 -4.953076 
-22.836288 -4.692388 
-23.018770 -4.483837 
-23.175182 -4.249218 
-23.435871 -4.144943 
-23.722628 -4.144943 
-23.983316 -4.092805 
-24.270073 -4.092805 
-24.217936 7.221064 
-23.722628 6.751825 
-23.461939 6.621480 
-23.227320 6.438999 
-22.992701 6.308655 
-22.705944 6.178311 
-22.419188 6.021898 
-22.184566 5.865485 
-21.949947 5.683003 
-21.689260 5.448384 
-21.480709 5.265902 
-21.220020 5.083420 
-21.011471 4.848801 
-20.802919 4.666319 
-20.568300 4.509906 
-20.333681 4.275287 
-20.099062 4.040668 
-19.916580 3.832117 
-19.681961 3.675704 
-19.447342 3.519291 
-19.212721 3.362878 
-18.978102 3.206465 
-18.795620 2.997915 
-18.691345 2.737226 
-18.534933 2.502607 
-18.430656 2.241919 
-18.404589 1.955162 
-18.300312 1.668405 
-18.222107 1.381648 
-18.143900 1.120959 
-18.039625 0.834202 
-17.909281 0.547445 
-17.778936 0.312826 
-17.674662 0.052138 
-17.518248 -0.156413 
-17.361835 -0.391032 
-17.179354 -0.599583 
-16.970802 -0.808133 
-16.788321 -1.042753 
-16.605839 -1.251303 
-16.423357 -1.564129 
-16.240875 -1.798749 
-16.136600 -2.059437 
-16.084463 -2.320125 
-16.032326 -2.606882 
-16.058393 -2.867570 
-16.266945 -3.023983 
-16.527634 -3.180396 
-16.788321 -3.336809 
-17.075079 -3.415016 
-17.361835 -3.519291 
-17.622524 -3.753910 
-17.857143 -3.936392 
-18.039625 -4.144943 
-18.222107 -4.379562 
-18.404589 -4.588112 
-18.665276 -4.770594 
-18.899897 -4.927007 
-19.160583 -5.109489 
-19.395203 -5.239833 
-19.655891 -5.396246 
-19.916580 -5.500521 
-20.177267 -5.578728 
-20.437956 -5.604796 
-20.698645 -5.656934 
-20.959333 -5.761209 
-21.220020 -5.839416 
-21.480709 -5.891554 
-21.741398 -5.891554 
-22.028154 -5.761209 
CONTOUR-LINE z=1.900000 
-17.570385 3.545360 
-17.831074 3.727841 
-18.039625 3.962461 
-18.196037 4.223149 
-18.378519 4.483837 
-18.561001 4.718457 
-18.717415 4.927007 
-18.899897 5.135558 
-19.056309 5.370177 
-19.238791 5.578728 
-19.421272 5.813347 
-19.629824 5.995829 
-19.864443 6.126173 
-20.099062 6.282586 
-20.333681 6.465068 
-20.594370 6.621480 
-20.855057 6.725756 
-21.141815 6.856100 
-21.402502 6.960375 
-21.663191 7.090719 
-21.897810 7.221064 
-22.184566 7.455683 
-22.419188 7.664234 
-22.679874 7.846715 
-22.888426 8.029197 
-23.096975 8.211679 
-23.331594 8.394160 
-23.722628 8.602711 
-23.826902 8.863400 
-23.879040 9.124087 
-23.879040 9.410845 
-23.879040 9.697601 
-23.852972 9.958290 
-23.826902 10.245047 
-23.722628 10.505735 
-23.670490 10.766423 
-23.644421 11.027111 
-23.409801 11.183524 
-23.149115 11.261731 
-22.888426 11.261731 
-22.627737 11.313869 
-22.367048 11.339937 
-22.080292 11.339937 
-21.819603 11.235662 
-21.532846 11.105318 
-21.272158 11.001042 
-21.037539 10.844629 
-20.750782 10.688217 
-20.490093 10.505735 
-20.229406 10.218978 
-19.942648 9.932221 
-19.760166 9.671533 
-19.525547 9.436913 
-19.369135 9.202294 
-19.108446 8.837331 
-18.873827 8.576642 
-18.613138 8.263817 
-18.378519 7.977059 
-18.169970 7.742440 
-17.961418 7.533889 
-17.778936 7.142857 
-17.648592 6.830031 
-17.492180 6.438999 
-17.335766 6.152242 
-17.153284 5.839416 
-16.970802 5.552659 
-16.814390 5.318039 
-16.631908 5.109489 
-16.475494 4.900939 
-16.293013 4.666319 
-16.162670 4.405631 
-16.162670 4.092805 
-16.162670 3.727841 
-16.162670 3.441084 
-16.423357 3.388947 
-16.684046 3.362878 
-16.944735 3.362878 
-17.205421 3.415016 
CONTOUR-LINE z=1.900000 
-15.041710 4.562044 
-15.302399 4.718457 
-15.484880 4.953076 
-15.641293 5.213764 
-15.797706 5.448384 
-16.006256 5.709072 
-16.162670 5.917623 
-16.345152 6.126173 
-16.553701 6.412930 
-16.710115 6.621480 
-16.892597 6.830031 
-17.049009 7.064651 
-17.257561 7.299270 
-17.440042 7.533889 
-17.570385 7.768509 
-17.752867 8.003128 
-17.909281 8.237747 
-18.091763 8.472367 
-18.274244 8.680918 
-18.456726 8.915537 
-18.639208 9.124087 
-18.847757 9.384776 
-19.004171 9.619395 
-19.186653 9.854014 
-19.369135 10.114703 
-19.525547 10.349322 
-19.681961 10.557873 
-19.864443 10.818561 
-19.942648 11.079249 
-19.890511 11.339937 
-19.708029 11.600626 
-19.447342 11.652763 
-19.186653 11.678832 
-18.925964 11.704901 
-18.639208 11.704901 
-18.378519 11.704901 
-18.117830 11.704901 
-17.805006 11.574556 
-17.570385 11.444213 
-17.309698 11.261731 
-17.075079 11.105318 
-16.866528 10.844629 
-16.657976 10.557873 
-16.449427 10.323254 
-16.266945 10.114703 
-16.032326 9.880083 
-15.797706 9.749740 
-15.563087 9.567258 
-15.302399 9.384776 
-15.041710 9.202294 
-14.911366 8.967674 
-14.833159 8.680918 
-14.728885 8.315954 
-14.676746 8.055265 
-14.572472 7.768509 
-14.442127 7.455683 
-14.311783 7.194995 
-14.155370 6.856100 
-13.946819 6.621480 
-13.738269 6.412930 
-13.477581 6.230448 
-13.242962 5.995829 
-13.034410 5.761209 
-12.877998 5.526590 
-12.747654 5.291971 
-12.747654 5.031282 
-12.799791 4.770594 
-13.008342 4.588112 
-13.269031 4.509906 
-13.555787 4.483837 
-13.816476 4.457768 
-14.129301 4.457768 
-14.389990 4.405631 
-14.650678 4.327425 
CONTOUR-LINE z=2.200000 
-16.240875 7.794578 
-16.501564 7.898853 
-16.710115 8.081335 
-16.944735 8.315954 
-17.179354 8.498436 
-17.413973 8.706986 
-17.622524 8.915537 
-17.831074 9.150156 
-18.013556 9.358706 
-18.248175 9.593327 
-18.456726 9.801877 
-18.717415 10.036496 
-18.899897 10.245047 
-19.004171 10.505735 
-18.952034 10.766423 
-18.691345 10.844629 
-18.430656 10.922836 
-18.143900 10.948905 
-17.883211 10.948905 
-17.648592 10.818561 
-17.361835 10.557873 
-17.127216 10.323254 
-16.944735 10.114703 
-16.657976 9.906152 
-16.397289 9.671533 
-16.188738 9.489051 
-15.928050 9.332638 
-15.693431 9.202294 
-15.458811 9.045881 
-15.302399 8.785192 
-15.224192 8.472367 
-15.198123 8.211679 
-15.276329 7.950991 
-15.510949 7.820646 
-15.771637 7.664234 
CONTOUR-LINE z=2.200000 
-14.650678 4.953076 
-14.807091 5.161627 
-15.015641 5.344109 
-15.224192 5.578728 
-15.458811 5.839416 
-15.641293 6.100104 
-15.745568 6.360793 
-15.667362 6.621480 
-15.380605 6.673618 
-15.172054 6.491137 
-14.937435 6.308655 
-14.702815 6.152242 
-14.468196 6.021898 
-14.155370 5.865485 
-13.868613 5.735141 
-13.581856 5.630866 
-13.347237 5.500521 
-12.982273 5.161627 
-13.034410 4.900939 
-13.581856 4.718457 
-14.337852 4.666319 
CONTOUR-LINE z=2.400000 
-14.129301 4.979145 
-14.546403 5.265902 
-14.859228 5.735141 
-14.051095 5.604796 
-13.477581 5.291971 
-13.686131 4.953076 
CONTOUR-LINE z=2.500000 
-16.188738 8.055265 
-16.762253 8.524505 
-17.674662 9.280500 
-18.665276 10.297185 
-18.508863 10.636079 
-17.961418 10.688217 
-17.335766 10.062565 
-16.214808 9.280500 
-15.563087 8.863400 
-15.510949 8.133472 
CONTOUR-LINE z=2.699999 
-16.319082 8.498436 
-16.866528 8.915537 
-17.413973 9.410845 
-17.805006 9.984359 
-16.970802 9.619395 
-16.319082 8.993743 
-15.954119 8.524505 
CONTOUR-LINE z=2.400000 
-23.540146 9.436913 
-23.514076 8.941606 
-23.096975 8.368092 
-22.340981 7.820646 
-21.689260 7.377477 
-20.959333 7.221064 
-20.020855 7.299270 
-19.473410 7.638165 
-19.290928 8.159541 
-19.238791 8.602711 
-20.229406 9.854014 
-20.881126 10.427528 
-21.663191 10.844629 
-22.471325 11.105318 
-22.992701 11.079249 
-23.409801 10.792492 
-23.566216 10.062565 
CONTOUR-LINE z=2.800000 
-23.123045 10.271115 
-23.175182 10.010427 
-23.201252 9.749740 
-23.201252 9.489051 
-23.044838 9.254432 
-22.940563 8.967674 
-22.732012 8.706986 
-22.471325 8.524505 
-22.236706 8.394160 
-21.949947 8.315954 
-21.663191 8.315954 
-21.376434 8.394160 
-21.115746 8.498436 
-20.907194 8.654849 
-20.750782 8.889468 
-20.750782 9.176225 
-20.776852 9.436913 
-20.907194 9.671533 
-21.141815 9.880083 
-21.324297 10.114703 
-21.506779 10.349322 
-21.741398 10.505735 
-22.002085 10.610010 
-22.340981 10.688217 
-22.601669 10.740355 
-22.862356 10.636079 
CONTOUR-LINE z=3.099999 
-22.679874 10.166841 
-22.810219 9.932221 
-22.810219 9.671533 
-22.758081 9.384776 
-22.575600 9.150156 
-22.314911 9.019813 
-22.054224 8.941606 
-21.793535 8.941606 
-21.584984 9.098019 
-21.506779 9.358706 
-21.532846 9.619395 
-21.663191 9.880083 
-21.845673 10.088634 
-22.080292 10.218978 
CONTOUR-LINE z=3.399999 
-22.393118 9.827946 
-22.471325 9.541188 
-22.340981 9.306569 
-22.080292 9.202294 
-21.923880 9.436913 
-21.923880 9.723670 
-22.132429 9.906152 
CONTOUR-LINE z=2.700000 
-21.193953 8.055265 
-21.324297 7.820646 
-21.115746 7.638165 
-20.828989 7.638165 
-20.568300 7.638165 
-20.255474 7.638165 
-19.994785 7.820646 
-19.812304 8.029197 
-19.629824 8.237747 
-19.499479 8.472367 
-19.577684 8.733055 
-19.786236 8.915537 
-20.046925 9.019813 
-20.333681 8.941606 
-20.516163 8.733055 
-20.646507 8.498436 
-20.698645 8.237747 
-20.933264 8.107404 
CONTOUR-LINE z=2.400000 
-17.413973 4.040668 
-17.648592 4.171011 
-17.857143 4.405631 
-18.013556 4.640250 
-18.196037 4.848801 
-18.378519 5.083420 
-18.534933 5.318039 
-18.769552 5.578728 
-18.952034 5.813347 
-19.108446 6.074035 
-19.290928 6.282586 
-19.369135 6.543274 
-19.316998 6.803962 
-19.160583 7.038582 
-18.925964 7.194995 
-18.613138 7.194995 
-18.352451 7.116788 
-18.169970 6.908237 
-18.039625 6.621480 
-17.883211 6.412930 
-17.726799 6.152242 
-17.570385 5.917623 
-17.387903 5.709072 
-17.283628 5.448384 
-17.127216 5.213764 
-16.944735 4.979145 
-16.788321 4.770594 
-16.631908 4.509906 
-16.579771 4.223149 
-16.657976 3.910323 
-16.918665 3.858186 
CONTOUR-LINE z=2.700000 
-17.440042 4.457768 
-17.674662 4.614182 
-17.883211 4.822732 
-18.117830 5.031282 
-18.274244 5.265902 
-18.482794 5.526590 
-18.587070 5.787278 
-18.665276 6.074035 
-18.404589 6.178311 
-18.196037 5.995829 
-18.013556 5.787278 
-17.778936 5.578728 
-17.596455 5.344109 
-17.440042 5.109489 
-17.309698 4.874870 
-17.179354 4.640250 
-17.179354 4.379562 
CONTOUR-LINE z=2.100000 
-21.819603 -5.291971 
-22.080292 -5.187696 
-22.236706 -4.953076 
-22.340981 -4.692388 
-22.471325 -4.457768 
-22.627737 -4.223149 
-22.810219 -4.014598 
-22.966633 -3.779979 
-23.227320 -3.727841 
-23.488008 -3.701773 
-23.748697 -3.701773 
-24.035454 -3.701773 
-23.957247 1.120959 
-22.784151 0.130344 
-22.419188 -0.052138 
-22.080292 -0.286757 
-21.845673 -0.417101 
-21.584984 -0.677789 
-21.350365 -0.912409 
-21.141815 -1.173097 
-20.933264 -1.407716 
-20.724712 -1.694473 
-20.516163 -1.955162 
-20.333681 -2.163712 
-20.151199 -2.372263 
-19.916580 -2.606882 
-19.734098 -2.867570 
-19.603754 -3.102190 
-19.447342 -3.336809 
-19.316998 -3.571429 
-19.212721 -3.832117 
-19.212721 -4.118874 
-19.238791 -4.379562 
-19.369135 -4.640250 
-19.629824 -4.848801 
-19.864443 -5.005214 
-20.151199 -5.135558 
-20.437956 -5.213764 
-20.750782 -5.291971 
-21.011471 -5.344109 
-21.272158 -5.448384 
CONTOUR-LINE z=2.000000 
-18.873827 -0.234619 
-19.134516 -0.443170 
-19.238791 -0.729927 
-19.395203 -1.016684 
-19.473410 -1.277372 
-19.473410 -1.642336 
-19.473410 -1.929093 
-19.316998 -2.215850 
-19.186653 -2.450469 
-19.056309 -2.789364 
-18.873827 -3.050052 
-18.743483 -3.310740 
-18.639208 -3.571429 
-18.430656 -3.727841 
-18.169970 -3.701773 
-18.013556 -3.493222 
-17.778936 -3.258603 
-17.518248 -3.154327 
-17.205421 -3.102190 
-16.944735 -3.023983 
-16.710115 -2.893639 
-16.631908 -2.632951 
-16.631908 -2.372263 
-16.762253 -2.033368 
-16.840458 -1.772680 
-16.944735 -1.511992 
-17.022940 -1.251303 
-17.153284 -0.990615 
-17.361835 -0.755996 
-17.596455 -0.599583 
-17.857143 -0.443170 
-18.143900 -0.338895 
-18.404589 -0.260688 
CONTOUR-LINE z=2.400000 
-18.821690 -0.886340 
-18.925964 -1.173097 
-18.978102 -1.433785 
-19.004171 -1.694473 
-19.004171 -1.981230 
-18.899897 -2.241919 
-18.821690 -2.502607 
-18.691345 -2.737226 
-18.534933 -2.971846 
-18.274244 -2.945777 
-17.935349 -2.737226 
-17.622524 -2.685089 
-17.361835 -2.659020 
-17.153284 -2.476538 
-17.153284 -2.189781 
-17.257561 -1.929093 
-17.361835 -1.642336 
-17.440042 -1.381648 
-17.518248 -1.120959 
-17.726799 -0.964546 
-18.013556 -0.860271 
-18.274244 -0.755996 
-18.534933 -0.677789 
CONTOUR-LINE z=2.699999 
-18.430656 -2.320125 
-18.404589 -2.033368 
-18.430656 -1.772680 
-18.404589 -1.485923 
-18.143900 -1.381648 
-17.883211 -1.381648 
-17.700729 -1.642336 
-17.570385 -1.876955 
-17.544317 -2.137643 
-17.778936 -2.294056 
-18.013556 -2.424400 
CONTOUR-LINE z=2.500000 
-21.376434 -4.718457 
-21.663191 -4.692388 
-21.923880 -4.509906 
-22.132429 -4.327425 
-22.262774 -4.040668 
-22.419188 -3.806048 
-22.523462 -3.545360 
-22.679874 -3.310740 
-22.888426 -3.154327 
-23.123045 -2.997915 
-23.227320 -2.737226 
-23.305527 -2.476538 
-23.305527 -2.189781 
-23.305527 -1.903024 
-23.357664 -1.642336 
-23.383734 -1.329510 
-23.357664 -1.068822 
-23.096975 -0.912409 
-22.758081 -0.912409 
-22.497393 -1.016684 
-22.262774 -1.199166 
-22.028154 -1.381648 
-21.767466 -1.590198 
-21.558916 -1.798749 
-21.298227 -1.981230 
-21.063608 -2.163712 
-20.828989 -2.346194 
-20.568300 -2.580813 
-20.385818 -2.815433 
-20.229406 -3.128258 
-20.046925 -3.388947 
-19.916580 -3.701773 
-19.786236 -4.014598 
-19.734098 -4.275287 
-19.994785 -4.457768 
-20.255474 -4.509906 
-20.490093 -4.640250 
-20.750782 -4.718457 
CONTOUR-LINE z=2.800000 
-21.246090 -4.144943 
-21.532846 -3.936392 
-21.689260 -3.727841 
-21.845673 -3.493222 
-22.028154 -3.232534 
-22.236706 -2.971846 
-22.367048 -2.737226 
-22.471325 -2.476538 
-22.523462 -2.215850 
-22.367048 -2.007299 
-22.054224 -2.059437 
-21.845673 -2.267987 
-21.663191 -2.502607 
-21.454639 -2.815433 
-21.246090 -3.023983 
-21.011471 -3.154327 
-20.802919 -3.310740 
-20.594370 -3.493222 
-20.542231 -3.753910 
-20.646507 -4.014598 
-20.907194 -4.144943 
CONTOUR-LINE z=3.100000 
-21.376434 -3.727841 
-21.923880 -2.997915 
-22.080292 -2.606882 
-21.741398 -2.815433 
-21.298227 -3.362878 
-20.933264 -3.753910 
-21.089676 -3.962461 
CONTOUR-LINE z=2.200000 
-23.905109 1.876955 
-22.393118 0.625652 
-22.184566 0.443170 
-21.949947 0.286757 
-21.689260 0.104275 
-21.480709 -0.052138 
-21.220020 -0.208551 
-20.959333 -0.312826 
-20.646507 -0.312826 
-20.385818 -0.312826 
-20.125130 -0.182482 
-19.890511 -0.026069 
-19.760166 0.208551 
-19.551617 0.417101 
-19.343065 0.599583 
-19.238791 0.860271 
-19.212721 1.173097 
-19.160583 1.459854 
-19.108446 1.720542 
-19.108446 2.007299 
-19.108446 2.267987 
-19.134516 2.554744 
-19.264860 2.789364 
-19.499479 2.997915 
-19.786236 3.232534 
-20.020855 3.362878 
-20.255474 3.493222 
-20.490093 3.701773 
-20.724712 3.936392 
-20.959333 4.197080 
-21.193953 4.483837 
-21.402502 4.666319 
-21.611053 4.822732 
-21.871742 4.979145 
-22.106361 5.187696 
-22.367048 5.370177 
-22.653807 5.552659 
-22.914494 5.709072 
-23.201252 5.865485 
-23.461939 6.021898 
-23.696558 6.152242 
CONTOUR-LINE z=2.599999 
-23.096975 4.509906 
-23.279457 4.275287 
-23.435871 4.040668 
-23.488008 3.727841 
-23.540146 3.467153 
-23.592283 3.180396 
-23.592283 2.893639 
-23.566216 2.632951 
-23.435871 2.398332 
-23.253389 2.189781 
-22.992701 1.929093 
-22.784151 1.746611 
-22.575600 1.511992 
-22.314911 1.303441 
-22.054224 1.120959 
-21.793535 1.042753 
-21.558916 0.860271 
-21.298227 0.782065 
-21.063608 0.625652 
-20.802919 0.599583 
-20.542231 0.755996 
-20.307611 0.886340 
-20.072992 1.042753 
-19.890511 1.251303 
-19.760166 1.485923 
-19.551617 1.746611 
-19.577684 2.007299 
-19.734098 2.215850 
-19.968718 2.450469 
-20.177267 2.659020 
-20.333681 2.867570 
-20.516163 3.076121 
-20.698645 3.284672 
-20.933264 3.571429 
-21.246090 3.832117 
-21.454639 4.040668 
-21.689260 4.275287 
-21.871742 4.535975 
-22.158499 4.744525 
-22.445255 4.848801 
-22.705944 4.796663 
CONTOUR-LINE z=3.000000 
-23.018770 3.623566 
-23.123045 3.362878 
-23.149115 3.076121 
-23.070908 2.815433 
-22.888426 2.606882 
-22.705944 2.398332 
-22.471325 2.137643 
-22.262774 1.929093 
-22.080292 1.720542 
-21.871742 1.538060 
-21.637121 1.381648 
-21.402502 1.251303 
-21.141815 1.199166 
-20.881126 1.199166 
-20.620438 1.225235 
-20.385818 1.381648 
-20.229406 1.642336 
-20.177267 1.929093 
-20.307611 2.163712 
-20.516163 2.372263 
-20.750782 2.606882 
-20.985401 2.841501 
-21.167883 3.076121 
-21.350365 3.310740 
-21.584984 3.545360 
-21.819603 3.779979 
-22.028154 3.988530 
-22.236706 4.171011 
-22.523462 4.171011 
-22.784151 4.066736 
CONTOUR-LINE z=3.199998 
-22.732012 3.284672 
-22.732012 3.023983 
-22.549530 2.737226 
-22.340981 2.528676 
-22.106361 2.320125 
-21.897810 2.163712 
-21.637121 2.059437 
-21.402502 1.850886 
-21.141815 1.694473 
-20.881126 1.824818 
-20.881126 2.137643 
-21.011471 2.372263 
-21.141815 2.659020 
-21.376434 2.867570 
-21.584984 3.102190 
-21.793535 3.258603 
-22.054224 3.388947 
-22.288843 3.545360 
CONTOUR-LINE z=3.499998 
-22.367048 3.154327 
-22.236706 2.789364 
-21.689260 2.294056 
-21.298227 2.163712 
-21.298227 2.528676 
-21.793535 2.971846 
-22.106361 3.206465 
CONTOUR-LINE z=3.699999 
-22.002085 2.763295 
-21.715328 2.789364 
-21.689260 2.476538 
CONTOUR-LINE z=0.300000 
-14.389990 -12.226277 
-24.661106 -12.330552 
-24.478624 12.513034 
-14.025026 12.434828 
-13.633994 11.757038 
-13.529718 11.470282 
-13.347237 11.235662 
-13.216892 11.001042 
-12.956204 10.688217 
-12.799791 10.453597 
-12.643378 10.166841 
-12.460896 9.932221 
-12.304483 9.671533 
-12.122002 9.436913 
-11.887383 9.176225 
-11.600626 8.837331 
-11.392076 8.576642 
-11.209594 8.237747 
-11.079249 7.977059 
-10.948905 7.742440 
-10.818561 7.429614 
-10.662148 7.116788 
-10.505735 6.751825 
-10.401460 6.386861 
-10.323254 6.021898 
-10.271115 5.761209 
-10.192909 5.396246 
-10.114703 5.031282 
-10.114703 4.770594 
-10.114703 4.483837 
-10.114703 4.171011 
-10.192909 3.832117 
-10.297185 3.571429 
-10.375391 3.284672 
-10.531804 2.945777 
-10.636079 2.685089 
-10.922836 2.450469 
-11.209594 2.320125 
-11.548488 2.189781 
-11.887383 2.085506 
-12.174140 1.929093 
-12.513035 1.746611 
-12.773723 1.616267 
-13.034410 1.538060 
-13.321168 1.407716 
-13.555787 1.277372 
-13.842545 1.147028 
-14.103232 1.042753 
-14.389990 0.912409 
-14.676746 0.729927 
-14.833159 0.495308 
-14.885297 0.208551 
-14.807091 -0.078206 
-14.650678 -0.312826 
-14.546403 -0.599583 
-14.494265 -0.860271 
-14.363921 -1.120959 
-14.337852 -1.381648 
-14.285714 -1.720542 
-14.233577 -2.059437 
-14.233577 -2.320125 
-14.233577 -2.580813 
-14.233577 -2.893639 
-14.285714 -3.206465 
-14.311783 -3.467153 
-14.389990 -3.779979 
-14.520333 -4.118874 
-14.650678 -4.379562 
-14.702815 -4.666319 
-14.781022 -4.927007 
-14.807091 -5.213764 
-14.833159 -5.526590 
-14.833159 -5.917623 
-14.807091 -6.204380 
-14.754953 -6.569343 
-14.676746 -6.856100 
-14.650678 -7.168926 
-14.546403 -7.533889 
-14.337852 -8.003128 
-14.155370 -8.420229 
-13.998958 -8.759124 
-13.894682 -9.045881 
-13.790406 -10.192909 
-13.842545 -10.479666 
-13.842545 -10.740355 
-13.868613 -11.079249 
-13.920751 -11.392075 
-13.946819 -11.678832 
-14.051095 -11.939520 
CONTOUR-LINE z=0.200000 
-7.533889 -12.148070 
-4.614182 -12.304483 
1.485923 -12.122002 
2.476538 -11.444213 
2.711158 -11.261731 
2.971846 -11.079249 
2.763295 -9.906152 
2.789364 -9.593327 
2.789364 -9.306569 
2.789364 -8.993743 
2.789364 -8.706986 
2.815433 -8.394160 
2.893639 -8.081335 
2.997915 -7.768509 
3.154327 -7.533889 
3.336809 -7.221064 
3.467153 -6.986444 
3.675704 -6.751825 
3.858186 -6.543274 
4.144943 -6.334723 
4.457768 -6.074035 
4.718457 -5.917623 
4.927007 -5.735141 
5.291971 -5.500521 
5.630866 -5.239833 
5.917623 -5.031282 
6.100104 -4.822732 
6.308655 -4.588112 
6.491137 -4.275287 
6.673618 -3.910323 
6.856100 -3.571429 
6.986444 -3.336809 
7.116788 -3.050052 
7.247132 -2.632951 
7.377477 -2.241919 
7.533889 -1.694473 
7.638165 -1.355579 
7.690302 -0.990615 
7.716371 -0.599583 
7.716371 -0.260688 
7.716371 0.234619 
7.716371 0.521376 
7.664234 0.938478 
7.507821 1.251303 
7.403545 1.538060 
7.247132 1.798749 
7.038582 2.033368 
6.777894 2.294056 
6.465068 2.554744 
6.178311 2.659020 
5.917623 2.789364 
5.448384 2.919708 
5.109489 2.971846 
4.666319 3.102190 
4.405631 3.154327 
4.014598 3.232534 
3.597497 3.232534 
3.128259 3.232534 
2.554744 3.206465 
2.137643 3.076121 
1.876955 2.997915 
1.485923 2.841501 
1.147028 2.711157 
0.834202 2.528676 
0.573514 2.372263 
0.312826 2.215850 
0.052138 2.033368 
-0.156413 1.876955 
-0.391032 1.616267 
-0.625652 1.303441 
-0.860271 1.016684 
-1.068822 0.755996 
-1.199166 0.521376 
-1.381648 0.182482 
-1.590198 -0.182482 
-1.694473 -0.495308 
-1.929093 -0.886340 
-2.215850 -1.329510 
-2.424400 -1.616267 
-2.632951 -1.876955 
-2.841501 -2.137643 
-3.050052 -2.320125 
-3.258603 -2.554744 
-3.493222 -2.711157 
-3.779979 -2.919708 
-4.171011 -3.102190 
-4.588113 -3.362878 
-5.031282 -3.675704 
-5.344109 -3.832117 
-5.709072 -4.040668 
-6.074036 -4.301355 
-6.543274 -4.509906 
-6.777894 -4.666319 
-7.012513 -4.796663 
-7.325339 -4.979145 
-7.612096 -5.135558 
-7.846715 -5.291971 
-8.081335 -5.474452 
-8.394160 -5.630866 
-8.602711 -5.813347 
-8.889468 -6.074035 
-9.124087 -6.334723 
-9.280500 -6.595412 
-9.410845 -6.830031 
-9.462982 -7.116788 
-9.541189 -7.481752 
-9.541189 -7.898853 
-9.541189 -8.237747 
-9.489051 -8.550573 
-9.436913 -8.811261 
-9.332638 -9.150156 
-9.228363 -9.410845 
-9.150156 -9.671533 
-8.993744 -9.932221 
-8.811262 -10.192909 
-8.576642 -10.427528 
-8.368092 -10.662148 
-8.159541 -11.001042 
-8.029197 -11.235662 
-7.950991 -11.496350 
-7.846715 -11.757038 
