#calibration -0.040230714	0.012113507	-0.011821429
#t	x	y	z
-94	1.572985	1.3932189	-0.27165496
-91	1.5726993	1.393173	-0.2709374
-90	1.5720961	1.3931341	-0.26985836
-89	1.5715688	1.3930293	-0.2688414
-78	1.5709348	1.392943	-0.267731
-69	1.5706172	1.3928325	-0.26697984
-67	1.570391	1.3927928	-0.26636103
-66	1.5697252	1.3927478	-0.265332
-63	1.5687962	1.3927282	-0.26408166
-57	1.5679152	1.3926632	-0.26291305
-56	1.5671911	1.392623	-0.26192975
-51	1.5662365	1.3925271	-0.26072738
-47	1.5652834	1.3924464	-0.25952134
-42	1.5643722	1.3924471	-0.2583497
-37	1.5636442	1.3925049	-0.25735122
-32	1.5630467	1.3925197	-0.25645268
-27	1.5627035	1.3925842	-0.25578132
-21	1.5623765	1.3926455	-0.25510186
-16	1.5625796	1.3926986	-0.25495878
-11	1.5626191	1.3927107	-0.25467065
-7	1.5628179	1.3926653	-0.25456315
-2	1.5632453	1.3926706	-0.25471
3	1.5633961	1.3925842	-0.2546069
9	1.5637271	1.3925903	-0.25471485
14	1.564096	1.392519	-0.25489014
19	1.5644794	1.392422	-0.25510538
24	1.5649008	1.392337	-0.2553745
29	1.5653061	1.392247	-0.25562805
34	1.5655451	1.3921813	-0.2557165
40	1.5654002	1.3921846	-0.25542757
45	1.565353	1.3921719	-0.25523958
49	1.5654998	1.3921678	-0.25523996
54	1.5656421	1.392149	-0.25522313
59	1.565776	1.3921356	-0.25518578
64	1.5658247	1.3921252	-0.25504994
69	1.5658413	1.3921162	-0.25486615
74	1.565891	1.3921242	-0.2547065
80	1.565954	1.3921282	-0.25457534
85	1.565988	1.3921564	-0.25446087
89	1.5659608	1.3921843	-0.25433204
94	1.5660685	1.3921671	-0.25438476
100	1.5660228	1.3921477	-0.25433815
104	1.5659875	1.3921242	-0.25430164
110	1.5658937	1.3921269	-0.2542065
115	1.566008	1.3921591	-0.25440103
120	1.5664828	1.3922336	-0.2549546
125	1.5669953	1.3923098	-0.25554928
133	1.5675708	1.3923662	-0.25620326
135	1.5681809	1.3924706	-0.2568953
140	1.5688626	1.3925312	-0.25765494
145	1.5695392	1.3926017	-0.25841194
150	1.570206	1.3927094	-0.25916347
155	1.5708473	1.3927945	-0.25988463
160	1.5711641	1.3928683	-0.26027608
165	1.5713347	1.3929437	-0.2605198
170	1.5713769	1.3930246	-0.2606434
175	1.5712972	1.393088	-0.2606715
180	1.5711613	1.3931442	-0.26067942
185	1.570929	1.3931861	-0.26061347
190	1.5705953	1.3931909	-0.26044592
195	1.5701945	1.3932388	-0.2602105
200	1.5698572	1.3932526	-0.2600273
205	1.5696459	1.3933262	-0.25995487
210	1.5695134	1.3934133	-0.25993928
215	1.5696063	1.3935614	-0.26012483
220	1.5696588	1.393656	-0.26024237
225	1.5702332	1.3936945	-0.26082647
230	1.570547	1.3938283	-0.26114795
235	1.570914	1.3939692	-0.2615899
240	1.571446	1.3940814	-0.2622373
245	1.571988	1.3940692	-0.26292014
251	1.5724959	1.3940963	-0.2635869
255	1.5725892	1.3940935	-0.26386034
261	1.5725764	1.3941146	-0.26406258
266	1.572398	1.3941709	-0.264149
271	1.5720726	1.3941716	-0.2640384
276	1.5721434	1.3941604	-0.2643658
281	1.5719043	1.3940983	-0.26436198
286	1.5716275	1.3940325	-0.26430526
291	1.5713853	1.3940461	-0.26427758
296	1.57139	1.39408	-0.2644966
301	1.5715479	1.394117	-0.2648681
306	1.5717154	1.3941729	-0.26523325
311	1.5720407	1.3941838	-0.26573467
316	1.5724264	1.3942269	-0.26628324
321	1.5728623	1.3942482	-0.26687756
326	1.5733745	1.3942659	-0.2675528
331	1.5740496	1.3943263	-0.26840284
336	1.5743536	1.3943763	-0.2688813
341	1.5748155	1.3944371	-0.26952323
346	1.5752715	1.3944863	-0.27015638
351	1.57587	1.3945675	-0.27092126
356	1.5765568	1.3946471	-0.27176163
361	1.5769215	1.394757	-0.2722582
366	1.5773933	1.3948776	-0.27286658
371	1.5777919	1.394976	-0.27342767
376	1.5780039	1.3950857	-0.27382785
382	1.578041	1.3952297	-0.2740869
387	1.5774558	1.3953334	-0.27375332
392	1.5766491	1.3954352	-0.27323803
397	1.5758253	1.395628	-0.27275196
402	1.5750254	1.3958046	-0.27231306
407	1.5742176	1.395982	-0.27185598
412	1.5733656	1.3960979	-0.27133358
417	1.5723671	1.3962344	-0.27069122
422	1.5713432	1.3963861	-0.2699375
427	1.5702205	1.396534	-0.26912892
432	1.5693991	1.3966571	-0.2686332
437	1.5686423	1.3968023	-0.26821163
442	1.5681427	1.3969274	-0.2680546
447	1.5676231	1.3970466	-0.26787832
452	1.5670505	1.3971014	-0.26765364
457	1.5668359	1.3971118	-0.26779085
462	1.5669838	1.3971221	-0.26829416
467	1.5671135	1.3970904	-0.26878318
472	1.567242	1.3970783	-0.2692912
477	1.567495	1.39704	-0.26993525
482	1.5674644	1.3968995	-0.2702875
487	1.567696	1.3968158	-0.2709053
492	1.5676492	1.396667	-0.27121735
497	1.5680362	1.3965759	-0.2719538
502	1.56808	1.3964927	-0.2723206
507	1.5681986	1.3963828	-0.272725
512	1.5683962	1.3962554	-0.273169
517	1.568948	1.3961096	-0.27392122
522	1.5693675	1.3959718	-0.27447402
527	1.5697315	1.395883	-0.27491012
533	1.5700594	1.3957458	-0.2752613
537	1.5707307	1.3956903	-0.27593705
542	1.5712943	1.3955606	-0.27649722
548	1.5719368	1.395425	-0.27714452
553	1.5726402	1.3953246	-0.27786234
558	1.5733585	1.3952119	-0.27859992
563	1.5739869	1.3950782	-0.27923077
568	1.574253	1.3949091	-0.27945685
573	1.5745571	1.3947787	-0.27970102
578	1.5748796	1.3946396	-0.27991694
583	1.5752028	1.3945383	-0.28010285
588	1.5756819	1.394469	-0.28041705
593	1.5758917	1.3944588	-0.2804159
598	1.5761399	1.394452	-0.28040895
603	1.5759579	1.3944547	-0.27994624
608	1.5757473	1.3945047	-0.2794594
614	1.5752785	1.3945023	-0.27872404
618	1.5749123	1.3945104	-0.2781032
623	1.5747771	1.3944955	-0.27770725
629	1.5746611	1.3944904	-0.27730376
633	1.5747682	1.3944935	-0.27708858
638	1.5748931	1.3944873	-0.27685365
643	1.5751342	1.394487	-0.27671617
648	1.5752561	1.394535	-0.27646932
653	1.5751103	1.3945118	-0.27599755
658	1.5749648	1.3944968	-0.275591
664	1.5745599	1.3944716	-0.27499163
669	1.5741972	1.3944628	-0.2744986
673	1.573852	1.3944612	-0.27407324
679	1.5730304	1.3944622	-0.27323875
684	1.5719589	1.3943787	-0.27214867
689	1.5704505	1.3942937	-0.27061528
694	1.5691302	1.3941587	-0.26920402
699	1.5677311	1.3941295	-0.26767975
704	1.5667	1.3940488	-0.26649642
709	1.5656805	1.3939793	-0.26530376
714	1.5651815	1.3939797	-0.26462886
719	1.5649064	1.3939949	-0.26415464
724	1.5649703	1.3939891	-0.26407513
730	1.5649482	1.3939898	-0.26390582
735	1.564878	1.3939933	-0.26372066
740	1.5647812	1.393978	-0.26354033
744	1.5646119	1.3939102	-0.2633068
749	1.5644565	1.3938367	-0.26314768
754	1.5641704	1.3938062	-0.26285645
759	1.5636587	1.3937957	-0.26233652
765	1.5628552	1.3937548	-0.26151916
770	1.5618993	1.3937565	-0.26054844
774	1.5609303	1.3937578	-0.25956362
779	1.5600449	1.3937494	-0.25871572
784	1.5592676	1.3937751	-0.25799894
789	1.5588089	1.393746	-0.25760067
794	1.5585597	1.393719	-0.25734693
800	1.5581037	1.3936965	-0.2568833
805	1.5582452	1.3936235	-0.25702563
811	1.5587763	1.3935559	-0.25756392
815	1.5599074	1.3934734	-0.25871128
822	1.5608923	1.3934673	-0.2596146
830	1.5620787	1.3933954	-0.26068264
836	1.5632832	1.3933113	-0.26173687
851	1.5643418	1.393236	-0.2626337
861	1.5648944	1.393156	-0.26303267
866	1.5654932	1.3931494	-0.26350972
879	1.5656662	1.3930987	-0.26358715
880	1.5659299	1.3930987	-0.2637933
881	1.5658761	1.3930482	-0.2637379
884	1.5654744	1.3930151	-0.26332903
885	1.5651113	1.3930306	-0.2629604
885	1.5647371	1.3930144	-0.26257986
885	1.564293	1.3930024	-0.26212847
885	1.5637119	1.3930098	-0.2615382
889	1.5630667	1.393034	-0.26093903
894	1.5626584	1.3930098	-0.26052353
899	1.5625107	1.392945	-0.26037237
904	1.5622159	1.3929288	-0.2600726
909	1.5623279	1.3929127	-0.260186
915	1.5624222	1.392881	-0.26021218
920	1.562461	1.392776	-0.26014906
924	1.5624347	1.3926878	-0.25999326
930	1.5625299	1.3925803	-0.2599376
935	1.5626553	1.3924901	-0.2599024
940	1.562716	1.3923678	-0.2598064
945	1.5629606	1.3922664	-0.25991178
950	1.5631359	1.3922503	-0.25996548
955	1.5634533	1.3922427	-0.2601862
960	1.5635649	1.3922007	-0.2602183
965	1.5638264	1.3921493	-0.26043448
970	1.5638819	1.3921591	-0.26049092
975	1.5635805	1.3921477	-0.2601845
980	1.5631176	1.3921772	-0.2598021
985	1.5626723	1.3922074	-0.25945118
990	1.5617232	1.3922174	-0.2585747
995	1.5608261	1.392205	-0.25771344
1000	1.5598567	1.3921419	-0.25672752
1005	1.5595177	1.3920698	-0.25627446
1010	1.5597496	1.3920437	-0.25631124
1015	1.5601048	1.3919612	-0.25639427
1020	1.5608268	1.3919586	-0.25679857
1025	1.5617416	1.3918344	-0.25737315
1030	1.5627944	1.391775	-0.25808465
1035	1.5636106	1.391657	-0.25856185
1040	1.5638868	1.3915807	-0.2585222
1045	1.5638996	1.3914988	-0.25826457
1051	1.5638167	1.3914165	-0.257961
1055	1.5630624	1.3913565	-0.25703225
1060	1.5621445	1.3912957	-0.25600278
1066	1.560642	1.3912957	-0.254476
1071	1.5595517	1.3912936	-0.2533679
1076	1.5582577	1.391283	-0.25217238
1083	1.5572605	1.3913274	-0.2513309
1086	1.556239	1.3913811	-0.25050923
1091	1.5554073	1.3913691	-0.24991263
1096	1.5549898	1.3913778	-0.24973984
1101	1.554826	1.3913976	-0.2497925
1106	1.5550784	1.3913652	-0.2502182
1111	1.5551788	1.3912584	-0.25043172
1117	1.555231	1.3911719	-0.2505393
1122	1.554996	1.3911028	-0.25029933
1127	1.5548902	1.3910731	-0.2501147
1141	1.5550709	1.3910825	-0.2501878
1143	1.555202	1.3910388	-0.250203
1144	1.5556968	1.3910648	-0.250592
1148	1.5562409	1.3911488	-0.25104967
1152	1.5567657	1.3912196	-0.2515141
1157	1.5569578	1.3912102	-0.2516712
1162	1.5571839	1.3911616	-0.25187704
1167	1.557334	1.3910578	-0.25201026
1172	1.5575674	1.3910315	-0.25224072
1177	1.5575123	1.3910441	-0.25219184
1182	1.5571911	1.3911302	-0.25188598
1187	1.55712	1.3911836	-0.25186485
1192	1.5570314	1.3912563	-0.2518697
1197	1.5568044	1.391299	-0.2517787
1202	1.5563989	1.391279	-0.2515389
1207	1.555913	1.3911369	-0.2512155
1212	1.5558853	1.3910094	-0.25131238
1218	1.5552368	1.3908542	-0.2507197
1222	1.5551996	1.3907996	-0.250695
1227	1.5550188	1.390814	-0.25045216
1233	1.5549048	1.3908496	-0.25019363
1238	1.5548302	1.3909415	-0.24991353
1243	1.5551052	1.3909961	-0.24996912
1248	1.5552989	1.3911222	-0.2499596
1253	1.5551833	1.391277	-0.24967296
1258	1.5547956	1.3914059	-0.2491638
1263	1.554458	1.3915342	-0.24879315
1268	1.5541505	1.3916861	-0.24858315
1273	1.5539211	1.3918031	-0.24859174
1278	1.553619	1.3918979	-0.24863596
1283	1.5531229	1.3919928	-0.24855396
1288	1.5526261	1.3920786	-0.24851455
1293	1.5522118	1.3921477	-0.24863085
1298	1.5516623	1.3920866	-0.24867997
1303	1.5510689	1.3920069	-0.24872035
1308	1.5505967	1.391904	-0.24893421
1313	1.5501908	1.3917935	-0.24925834
1318	1.5497379	1.3916744	-0.24956079
1324	1.5497032	1.3915707	-0.25041977
1330	1.5503334	1.3914807	-0.2517378
1334	1.5514174	1.391453	-0.25363395
1339	1.5526832	1.3914193	-0.25571045
1343	1.5536406	1.3913157	-0.25747803
1348	1.5545942	1.3912209	-0.25922826
1353	1.5557063	1.3911916	-0.26111153
1358	1.5568166	1.3911836	-0.2629685
1363	1.5586319	1.3912276	-0.2654812
1369	1.5612597	1.3913003	-0.26875365
1374	1.5643666	1.391302	-0.2724009
1380	1.567649	1.391287	-0.27611688
1384	1.5705934	1.391312	-0.2793914
1389	1.5733752	1.3912469	-0.2824187
1394	1.576187	1.3911542	-0.28540015
1399	1.5785565	1.3910855	-0.28789267
1404	1.5804892	1.3910534	-0.28993008
1409	1.5824777	1.3910402	-0.2919987
1414	1.5841893	1.3910462	-0.29378194
1419	1.5858765	1.3910909	-0.29555666
1424	1.5875554	1.3912623	-0.2973155
1430	1.5891994	1.3914667	-0.29903486
1434	1.5905792	1.3916928	-0.300461
1439	1.5918804	1.3919425	-0.30173045
1444	1.592795	1.3922174	-0.3025679
1449	1.5939193	1.3924968	-0.30367994
1454	1.5952325	1.3926734	-0.30500633
1459	1.5973831	1.392671	-0.30700538
1464	1.6000276	1.392704	-0.3092699
1470	1.6026618	1.3928376	-0.3114103
1475	1.6050426	1.3929939	-0.31322217
1480	1.6074715	1.3930684	-0.31525496
1484	1.6095114	1.3931223	-0.31689084
1489	1.6112351	1.3932681	-0.31828552
1494	1.6128625	1.3934133	-0.31968388
1499	1.6139716	1.3935853	-0.32065296
1504	1.614619	1.3938211	-0.32123634
1510	1.6152428	1.3941	-0.32184947
1515	1.6158142	1.3944092	-0.3224329
1520	1.6155238	1.3945853	-0.32213026
1525	1.614767	1.394822	-0.32130957
1530	1.6134511	1.3949739	-0.31984547
1535	1.6134851	1.3950052	-0.31965405
1540	1.6135038	1.3950268	-0.3193235
1545	1.6141976	1.3949282	-0.3195433
1550	1.6156595	1.3946958	-0.32038793
1555	1.6172583	1.3944601	-0.32125035
1560	1.6191182	1.3942367	-0.32232833
1565	1.6204883	1.3940271	-0.3229348
1570	1.6215473	1.3938117	-0.32330936
1575	1.6227508	1.3935481	-0.32394835
1580	1.623636	1.3932904	-0.3243917
1585	1.6239587	1.3929814	-0.3243718
1590	1.6242473	1.3926959	-0.324399
1595	1.6240398	1.3924996	-0.32396916
1600	1.6238083	1.3923719	-0.32354313
1605	1.6237327	1.3922933	-0.32329184
1610	1.6240485	1.3922843	-0.32343066
1615	1.6246382	1.3923107	-0.32379642
1621	1.6254122	1.3923497	-0.32422954
1626	1.6268377	1.3924404	-0.3250547
1630	1.6280072	1.392482	-0.32559115
1635	1.6295679	1.3926024	-0.32623655
1640	1.6314982	1.3927027	-0.32713777
1645	1.6334096	1.392783	-0.32791725
1650	1.6358051	1.3929377	-0.3291301
1655	1.6381598	1.3931007	-0.33031863
1661	1.6409394	1.3932202	-0.33195817
1666	1.6431608	1.393257	-0.33310285
1671	1.645189	1.3932431	-0.33413935
1676	1.6462559	1.3931669	-0.3343168
1682	1.6472658	1.3930893	-0.33457142
1686	1.6478705	1.3930495	-0.33455446
1691	1.6482562	1.3930563	-0.33442387
1696	1.6480006	1.3930515	-0.33371603
1701	1.6474861	1.3931942	-0.3327631
1706	1.6466858	1.3933862	-0.3315226
1711	1.6462963	1.3936172	-0.33069724
1716	1.6463685	1.3938875	-0.33033347
1721	1.646872	1.394063	-0.3303841
1726	1.6470964	1.3942069	-0.33013564
1731	1.6474578	1.394172	-0.33002925
1736	1.6482878	1.3940722	-0.33039477
1741	1.6493188	1.3938777	-0.33097106
1746	1.6498183	1.393543	-0.3310488
1751	1.649871	1.3931022	-0.33072203
1756	1.6503856	1.3924109	-0.330874
1761	1.6509528	1.3916172	-0.3310855
1766	1.6523749	1.3908242	-0.33221054
1772	1.6542242	1.3901721	-0.33386514
1777	1.6570413	1.3896116	-0.33664876
1781	1.6590799	1.3890218	-0.33879396
1786	1.6614467	1.3885101	-0.34139222
1791	1.6626177	1.3880516	-0.34281668
1796	1.6627047	1.3876408	-0.34308064
1802	1.6616796	1.3873452	-0.34204167
1807	1.6606387	1.387084	-0.34070575
1812	1.659673	1.3872035	-0.3390982
1817	1.6596366	1.387338	-0.33807793
1822	1.6603228	1.3876594	-0.33749056
1827	1.6619365	1.3880572	-0.33764738
1832	1.6641375	1.3883947	-0.33827034
1837	1.6662861	1.3887434	-0.3387754
1842	1.6675801	1.3889291	-0.33840987
1847	1.6673006	1.3890171	-0.33645806
1852	1.6671426	1.3890365	-0.33463794
1857	1.6650474	1.3889756	-0.33081776
1862	1.6624976	1.3889357	-0.32659385
1867	1.6591973	1.3888144	-0.32172483
1872	1.6552662	1.3886279	-0.31630823
1877	1.6515881	1.388306	-0.31128165
1882	1.6481453	1.387945	-0.30658215
1887	1.6453452	1.3875996	-0.30257925
1892	1.6423998	1.3872234	-0.29839
1897	1.6401256	1.3866981	-0.29479668
1902	1.6387916	1.3861314	-0.29203874
1907	1.6382824	1.3857031	-0.2900568
1912	1.6352781	1.3854073	-0.28558296
1917	1.6323521	1.385143	-0.2812383
1923	1.629494	1.3849293	-0.27705225
1928	1.6261728	1.3847352	-0.27227452
1933	1.6235709	1.3846006	-0.26856142
1938	1.6204885	1.3844938	-0.26413855
1943	1.6174352	1.3844526	-0.2596743
1948	1.6145102	1.3844552	-0.2552647
1953	1.6117088	1.3845173	-0.25087634
1958	1.6090428	1.3846444	-0.24645527
1963	1.6063727	1.3848262	-0.2418436
1968	1.6037364	1.385079	-0.23713969
1973	1.6011645	1.3853815	-0.23244452
1978	1.5984952	1.3857129	-0.22765408
1983	1.5955904	1.3860713	-0.22261633
1988	1.5924016	1.386441	-0.21733263
1993	1.5889217	1.3868225	-0.21180448
1998	1.5852383	1.3872106	-0.206155
2003	1.5814502	1.3876251	-0.2005307
2008	1.5795949	1.3879074	-0.19704385
2013	1.5776364	1.388108	-0.19364361
2018	1.5756402	1.3882157	-0.1903563
2023	1.5730672	1.3883517	-0.18657584
2028	1.5701977	1.388489	-0.18255349
2033	1.5668596	1.3886114	-0.17805952
2038	1.562429	1.3888843	-0.17246094
2043	1.5580236	1.3891517	-0.16681422
2048	1.5537874	1.3894393	-0.16122754
2053	1.5502942	1.3899082	-0.15624923
2062	1.5468457	1.3904039	-0.15114681
2065	1.5432504	1.3909125	-0.1457448
2069	1.5395776	1.391433	-0.14016235
2074	1.5358384	1.3919297	-0.13445474
2080	1.5313823	1.3924938	-0.12777708
2084	1.5277138	1.3929242	-0.122410305
2089	1.5232629	1.3934221	-0.11609949
2094	1.5186394	1.3939403	-0.10976242
2099	1.5140907	1.3945056	-0.10369326
2104	1.5097598	1.3950776	-0.09809945
2109	1.5053618	1.3956486	-0.09268244
2114	1.5009347	1.3961912	-0.08750315
2119	1.4962723	1.3967128	-0.08234683
2124	1.4913893	1.3971956	-0.07720179
2129	1.4861763	1.3976406	-0.07191494
2134	1.4805654	1.3980608	-0.066363275
2139	1.4747014	1.3984586	-0.06063585
2144	1.4683932	1.3988644	-0.054474887
2149	1.4619079	1.3993053	-0.04808918
2154	1.4552583	1.3998328	-0.04149282
2159	1.4484379	1.4004991	-0.034702193
2164	1.4417229	1.4012357	-0.028012138
2169	1.4348823	1.4021068	-0.021209052
2174	1.4282082	1.4030292	-0.014597625
2179	1.4216279	1.4039874	-0.008089648
2184	1.4153311	1.4049927	-0.0018483246
2189	1.4092915	1.4060147	0.0041341507
2194	1.4033004	1.4070857	0.010032505
2199	1.3975066	1.4081584	0.015675042
2204	1.3916359	1.4092332	0.021287758
2209	1.3857802	1.410321	0.026746668
2214	1.3799715	1.4114331	0.031990007
2220	1.3739059	1.4125643	0.037328426
2231	1.3673488	1.4137157	0.0430318
2232	1.3595351	1.4150269	0.04981663
2240	1.3534839	1.4160093	0.055086415
2241	1.3463527	1.4171606	0.061350387
2245	1.3390858	1.4182707	0.06784777
2249	1.3313785	1.4193665	0.07493866
2254	1.3233277	1.4204577	0.08252549
2259	1.3152934	1.421538	0.09022331
2265	1.307272	1.4225899	0.09799461
2270	1.2991006	1.4236826	0.1059244
2275	1.2908711	1.4248128	0.11384604
2280	1.2827853	1.4259373	0.12148674
2285	1.2748708	1.4270357	0.12878123
2290	1.2670183	1.4281416	0.1358272
2295	1.2592641	1.4292536	0.14260721
2300	1.2515903	1.4303794	0.14911546
2305	1.2440298	1.4315339	0.15529662
2310	1.2365421	1.4327302	0.16121602
2315	1.229225	1.4339678	0.16682014
2320	1.2220875	1.4352132	0.17218915
2325	1.2153127	1.4364802	0.17724587
2330	1.2089314	1.4377525	0.18197131
2335	1.2032083	1.4389781	0.18616092
2340	1.198153	1.4401323	0.18977845
2345	1.1935915	1.4412218	0.19302392
2351	1.1898193	1.4422537	0.1956155
2356	1.1868371	1.4432962	0.19751622
2361	1.1849153	1.4442744	0.19845454
2366	1.1836687	1.4452674	0.1987587
2371	1.1827767	1.4462463	0.19877976
2376	1.1819564	1.4472289	0.19875108
2382	1.1803386	1.4483305	0.1994181
2386	1.1786381	1.4492198	0.20039539
2391	1.1762304	1.4502221	0.20201096
2396	1.1733321	1.4512959	0.20415807
2401	1.1694963	1.452425	0.20737202
2406	1.1648029	1.4536753	0.2116147
2411	1.1589657	1.4550008	0.2172334
2416	1.151734	1.4564674	0.22450706
2421	1.1434318	1.4580007	0.23312792
2427	1.1340393	1.4595973	0.24309403
2431	1.1233661	1.4611863	0.2545286
2436	1.1114953	1.4627713	0.26733756
2441	1.0990888	1.4643008	0.28083545
2446	1.0862427	1.4657892	0.2949595
2451	1.0731157	1.4671745	0.30945608
2456	1.0599599	1.4684787	0.32404807
2461	1.0469795	1.469679	0.33846062
2466	1.0342227	1.4707665	0.3526149
2471	1.0217346	1.4717406	0.36639392
2476	1.0095236	1.4726245	0.37974846
2483	0.9977683	1.4733999	0.39246905
2487	0.9863748	1.4740975	0.40464944
2492	0.9755401	1.4747243	0.4161403
2496	0.96510994	1.4753089	0.42718163
2502	0.9556424	1.4758028	0.4372662
2507	0.9473835	1.4762411	0.44630224
2512	0.9400766	1.4766214	0.45452836
2517	0.93282276	1.4769331	0.46266982
2522	0.925766	1.4771369	0.47059137
2527	0.91899455	1.4772496	0.4782494
2533	0.91198754	1.4772669	0.4863597
2537	0.90659744	1.4772083	0.49261189
2542	0.9008216	1.4770502	0.49935862
2547	0.89552855	1.4768053	0.50553
2552	0.8903567	1.4764991	0.51151115
2557	0.88540655	1.4761844	0.51722735
2562	0.8802697	1.4759097	0.5230571
2567	0.87493557	1.4757224	0.52898985
2572	0.86919296	1.4756157	0.5352508
2578	0.86298066	1.4755656	0.54189205
2582	0.8563994	1.4755517	0.5488115
2587	0.84968483	1.475553	0.55581415
2592	0.84270465	1.4755467	0.5631057
2597	0.83559436	1.475568	0.57058316
2602	0.8287663	1.4756452	0.5778677
2607	0.82277167	1.4757757	0.5844288
2612	0.8173456	1.4759858	0.5905376
2617	0.81237626	1.4762576	0.59626824
2622	0.80747956	1.4765788	0.60194975
2627	0.8026739	1.4769133	0.60749
2633	0.7977429	1.4772241	0.6130362
2637	0.7928006	1.4774944	0.61840796
2642	0.7878023	1.4777288	0.6236215
2647	0.7829354	1.4779587	0.6284628
2653	0.7780303	1.4781904	0.6330892
2658	0.77354336	1.4784325	0.6370671
2663	0.769791	1.4786745	0.64013743
2668	0.7666499	1.4789126	0.6425518
2673	0.7640809	1.4791898	0.6444714
2679	0.7620284	1.4794952	0.64598453
2684	0.7598545	1.4798108	0.64772964
2688	0.7586994	1.4799718	0.64879394
2693	0.75775284	1.4801315	0.64998966
2698	0.7574537	1.4801216	0.6509468
2703	0.7583272	1.4798928	0.65117735
2708	0.7600711	1.4794194	0.6510468
2713	0.7628531	1.4787387	0.65042543
2718	0.766341	1.4777962	0.64958143
2723	0.76956344	1.4765998	0.6493063
2729	0.7718699	1.4751053	0.6500488
2734	0.77246326	1.4731013	0.6524948
2739	0.7722278	1.4705383	0.655591
2744	0.7721563	1.4673268	0.6583084
2749	0.77282757	1.4633672	0.66013074
2755	0.7754526	1.458704	0.6598162
2759	0.78037	1.45334	0.6571517
2769	0.7879989	1.4473857	0.65190405
2775	0.7979125	1.4409012	0.64473814
2794	0.8114525	1.4339154	0.63432723
2805	0.8267497	1.4266165	0.62243253
2820	0.841739	1.4192361	0.61098284
2830	0.8542054	1.4123586	0.60194993
2832	0.86355776	1.406577	0.5957603
2833	0.8695063	1.40185	0.59228206
2835	0.8735744	1.3983912	0.58974606
2836	0.87688506	1.3959506	0.5869843
2837	0.880501	1.39408	0.5829265
2838	0.88503474	1.3923678	0.57692707
2838	0.89075565	1.3905122	0.56856114
2839	0.8967248	1.3885062	0.55865514
2840	0.9022555	1.3862363	0.5476198
2841	0.90689486	1.3838577	0.53617376
2842	0.91061515	1.3813374	0.5246701
2846	0.9131876	1.3786699	0.5141651
2851	0.9145755	1.3758355	0.50557846
2856	0.9150331	1.372957	0.49938142
2861	0.91458094	1.3701751	0.4956767
2866	0.9133491	1.3675973	0.4940709
2871	0.9115114	1.3653051	0.49410886
2877	0.9094703	1.3633018	0.49510252
2881	0.9075629	1.3615571	0.49649754
2886	0.90612185	1.3600006	0.49775708
2891	0.9054464	1.3585618	0.49837884
2896	0.9057581	1.357205	0.49796072
2901	0.9071225	1.355893	0.49627858
2906	0.909403	1.3545722	0.4933854
2912	0.91259676	1.3532258	0.48926085
2917	0.91661865	1.3518083	0.48398712
2922	0.92129654	1.3503067	0.47776163
2927	0.9262894	1.3486959	0.4709881
2932	0.9313143	1.3469487	0.46400544
2937	0.9359564	1.3451253	0.4573207
2942	0.94019157	1.343191	0.45099565
2947	0.94392365	1.3411798	0.44521084
2952	0.94712704	1.3391297	0.44002518
2957	0.9498556	1.3370501	0.4354217
2962	0.9522727	1.3349701	0.4313093
2967	0.95454603	1.3328948	0.4276084
2972	0.9568018	1.3308016	0.42424494
2977	0.9590815	1.3286465	0.42113778
2982	0.96156216	1.3263994	0.41798398
2987	0.964252	1.3240693	0.41465995
2992	0.9671167	1.3216057	0.41110793
2997	0.9700877	1.3190166	0.4073428
3002	0.97294056	1.3163266	0.40353128
3007	0.975887	1.3135161	0.3993787
3012	0.97919434	1.3105648	0.3945524
3018	0.9828302	1.3074025	0.3891402
3023	0.98660535	1.3040136	0.38349828
3028	0.99059045	1.3004246	0.3777176
3033	0.99475205	1.296684	0.37195274
3038	0.99894774	1.2928916	0.3664264
3043	1.0032084	1.2890227	0.36106664
3048	1.0073833	1.2851433	0.35601637
3053	1.0113407	1.2813299	0.3513792
3058	1.0150203	1.2775716	0.34712112
3063	1.0184476	1.2738574	0.34309515
3068	1.021546	1.2702062	0.33931535
3073	1.024398	1.2666211	0.33565572
3078	1.0270245	1.2630967	0.33203164
3083	1.0294158	1.2596304	0.32838175
3088	1.0315793	1.2562559	0.32467568
3093	1.0334879	1.2528907	0.32086754
3098	1.035173	1.2495302	0.3169178
3103	1.0366949	1.2461954	0.31278887
3108	1.038079	1.2428895	0.3085124
3113	1.0393742	1.2396075	0.30412185
3118	1.0406317	1.2363479	0.29963467
3123	1.0420188	1.233113	0.29498652
3131	1.0436519	1.2299577	0.29046738
3147	1.0456146	1.2268511	0.28609425
3150	1.0477188	1.2238575	0.28187782
3155	1.049876	1.2208841	0.27757335
3157	1.0522181	1.2178866	0.27306804
3160	1.0545412	1.2148558	0.2684164
3162	1.0567667	1.2117957	0.26365668
3166	1.0588435	1.2087318	0.25880527
3173	1.060719	1.2056621	0.253888
3174	1.0624125	1.2025995	0.24887061
3179	1.0639731	1.1996393	0.24378534
3183	1.0654825	1.1966553	0.2384306
3188	1.0668783	1.19376	0.23308778
3193	1.0681721	1.1909286	0.22778687
3199	1.0692918	1.1882119	0.22269244
3204	1.0702195	1.1856562	0.21789883
3209	1.0710248	1.1833177	0.21341354
3214	1.071766	1.1812514	0.20924258
3219	1.0723876	1.1794676	0.2054973
3224	1.0729123	1.1780171	0.20216346
3229	1.0732901	1.1769133	0.19922405
3234	1.0736082	1.1760888	0.19651735
3239	1.0739483	1.1755184	0.19400376
3244	1.074109	1.1751693	0.19179133
3249	1.0740037	1.175033	0.18982968
3254	1.0735145	1.1750745	0.18809582
3259	1.0727572	1.1752588	0.18638101
3264	1.071839	1.1755881	0.18457165
3269	1.070905	1.1760554	0.18256098
3274	1.0699693	1.1766875	0.1803955
3279	1.0688396	1.17746	0.17834444
3284	1.0674367	1.1784056	0.1765745
3289	1.0657468	1.1795002	0.17521186
3294	1.0637835	1.1807029	0.17434643
3299	1.0616498	1.1819626	0.1739656
3304	1.0594716	1.1832961	0.17401448
3309	1.0573034	1.1847268	0.17442992
3314	1.0551915	1.1862423	0.17507815
3319	1.0530661	1.1878221	0.1759127
3325	1.0510435	1.1894614	0.17668457
3330	1.0491203	1.1912218	0.17734066
3335	1.0472785	1.193167	0.17788257
3340	1.0452993	1.1952947	0.17852631
3345	1.0430063	1.1976497	0.17933652
3350	1.0403669	1.2002463	0.18032843
3355	1.0373441	1.2031842	0.18162647
3360	1.0339216	1.2065759	0.18331407
3365	1.0301563	1.2104065	0.18538554
3370	1.0260856	1.2145964	0.18791163
3375	1.021716	1.21907	0.19100007
3380	1.0174601	1.2237002	0.19427955
3385	1.0137581	1.2284423	0.19722532
3390	1.0110382	1.2331022	0.19926581
3395	1.0094879	1.2376469	0.20000884
3400	1.009195	1.241943	0.1992028
3405	1.0098504	1.2460072	0.19705221
3410	1.0106115	1.2499639	0.19430724
3415	1.0106937	1.2539722	0.1916601
3420	1.0096377	1.2581581	0.18942675
3425	1.0071647	1.2626518	0.1878292
3446	1.002641	1.2674298	0.18768589
3456	0.99660057	1.2725033	0.18861908
3461	0.989228	1.2779058	0.1909335
3467	0.98246175	1.2836186	0.1941898
3476	0.97462344	1.2894741	0.19855206
3484	0.969203	1.2957569	0.20401077
3488	0.96248317	1.3020414	0.21080834
3496	0.95431423	1.3082908	0.219095
3503	0.9472244	1.3144312	0.22782575
3510	0.93943554	1.3204318	0.23765446
3516	0.9310213	1.3262717	0.2485215
3523	0.92169356	1.3320092	0.26031744
3525	0.9126378	1.3376282	0.272189
3527	0.9037325	1.343216	0.28430718
3528	0.89518964	1.3487478	0.29607615
3530	0.88717484	1.3542995	0.3073416
3532	0.879664	1.3598088	0.31801128
3533	0.8727059	1.365446	0.32810205
3534	0.8653894	1.371145	0.3383903
3535	0.85782856	1.3768368	0.3489152
3536	0.8487555	1.3826078	0.360842
3537	0.8384088	1.3885157	0.37397945
3543	0.8257778	1.3940305	0.38946515
3547	0.8115641	1.3992788	0.40689954
3553	0.7965518	1.4041498	0.42568523
3558	0.7812558	1.4086514	0.44550443
3563	0.76631576	1.4128077	0.46586353
3567	0.7518583	1.41665	0.4866006
3573	0.73798174	1.420301	0.50740445
3578	0.72454536	1.4238644	0.5281018
3584	0.71127933	1.427459	0.54859006
3588	0.6974402	1.4311284	0.5693033
3593	0.68272984	1.4347962	0.59013957
3598	0.66670144	1.4384693	0.61153376
3603	0.64884704	1.4420902	0.63402843
3608	0.62920386	1.4456508	0.65777326
3614	0.60730904	1.4491118	0.6834176
3617	0.58314633	1.4524968	0.71109533
3624	0.5563983	1.4558208	0.74119085
3628	0.52713126	1.4591161	0.77368116
3635	0.49537015	1.4623728	0.80858433
3637	0.46074	1.4656187	0.84635276
3643	0.42429873	1.4686346	0.8858617
3648	0.38604337	1.4715853	0.92727786
3654	0.3471842	1.4744141	0.9694166
3657	0.30822483	1.4770591	1.0118494
3667	0.27034602	1.4794443	1.053454
3668	0.23455743	1.4816062	1.0932281
3676	0.20113932	1.4834645	1.13078
3678	0.16981544	1.4850005	1.1664485
3686	0.1401989	1.4862336	1.2004611
3688	0.11269687	1.4872096	1.232294
3695	0.085943334	1.4879553	1.2632716
3697	0.059110343	1.4885024	1.2941574
3706	0.032146413	1.4888861	1.3249459
3708	0.0035640483	1.4891255	1.3573186
3716	-0.025472146	1.4892681	1.3900311
3718	-0.056362048	1.4892571	1.4246569
3725	-0.08834965	1.4891444	1.4603852
3729	-0.120350935	1.4889299	1.4960938
3736	-0.15154363	1.4886868	1.5308332
3739	-0.18093179	1.488375	1.563483
3745	-0.2107657	1.4879719	1.5962857
3748	-0.24037892	1.4875057	1.6284409
3759	-0.27115974	1.4869921	1.6614435
3759	-0.3034021	1.4863975	1.6957024
3764	-0.33631238	1.485795	1.730585
3770	-0.36958164	1.4851635	1.7659191
3775	-0.4026629	1.4845074	1.801212
3780	-0.4351145	1.4838014	1.8360301
3786	-0.46683568	1.4830718	1.870255
3789	-0.49713886	1.4822874	1.9031676
3796	-0.5263411	1.4814565	1.9351352
3799	-0.55372584	1.4805697	1.9653769
3806	-0.58007556	1.4796791	1.9946285
3809	-0.60555214	1.4787685	2.0229342
3815	-0.6304793	1.4778996	2.0505314
3820	-0.65454435	1.4770272	2.0770628
3826	-0.67786735	1.4761528	2.102633
3839	-0.70041066	1.4752895	2.1271973
3839	-0.7217407	1.4743918	2.1503284
3840	-0.7416047	1.4734722	2.1718307
3843	-0.7600357	1.4725055	2.1918507
3848	-0.7768151	1.4715112	2.210246
3853	-0.792376	1.4705001	2.2275343
3858	-0.80643624	1.4694985	2.2435255
3863	-0.8190169	1.4685224	2.2583187
3868	-0.8303419	1.4675584	2.272191
3873	-0.8411177	1.4665723	2.2859068
3878	-0.8515968	1.4655778	2.299743
3884	-0.86175483	1.4645623	2.3136423
3889	-0.87156063	1.4635074	2.3274975
3894	-0.88043505	1.4624704	2.3405437
3899	-0.8885606	1.4614322	2.352965
3904	-0.89608204	1.4604125	2.364773
3909	-0.90353006	1.4594268	2.3763587
3914	-0.91089153	1.4584368	2.3876061
3919	-0.9185933	1.4574364	2.3989108
3924	-0.92698735	1.4563792	2.4106169
3929	-0.935899	1.4551638	2.4225354
3934	-0.94499695	1.453765	2.434347
3939	-0.9540863	1.4522294	2.445945
3944	-0.9628503	1.4506059	2.4570956
3949	-0.9713511	1.4489136	2.4680293
3954	-0.979772	1.4471254	2.478982
3959	-0.98809516	1.4452304	2.489957
3964	-0.9967628	1.4432001	2.501399
3969	-1.0056484	1.4410208	2.5131543
3974	-1.014891	1.4387579	2.5253346
3979	-1.024388	1.4364481	2.53782
3984	-1.0337054	1.4341773	2.550153
3989	-1.0425878	1.4319769	2.5620408
3994	-1.0508072	1.4299167	2.5731354
3999	-1.0586255	1.4279472	2.5837028
4004	-1.0661525	1.4260956	2.5938275
4009	-1.073755	1.4242778	2.6038916
4014	-1.08162	1.422418	2.614135
4019	-1.0894551	1.4204545	2.6243467
4025	-1.0971713	1.4183575	2.6344955
4030	-1.1044917	1.4161276	2.644315
4035	-1.111035	1.4137973	2.6534166
4040	-1.1168997	1.4114031	2.661949
4045	-1.1212946	1.4091142	2.6691408
4050	-1.1242118	1.4069514	2.6750753
4055	-1.1251224	1.4048743	2.679161
4060	-1.1247029	1.40297	2.6819434
4065	-1.1239327	1.4013551	2.6842518
4072	-1.1233673	1.4001428	2.6865363
4077	-1.122675	1.3992585	2.688336
4082	-1.1220971	1.3986708	2.689797
4087	-1.1216271	1.3983377	2.6908085
4092	-1.1207166	1.3982363	2.6908636
4097	-1.118771	1.3983905	2.6895385
4102	-1.1154375	1.3988435	2.6867092
4107	-1.1102573	1.3995738	2.682118
4112	-1.1028806	1.4005202	2.6755264
4117	-1.0934403	1.401648	2.667109
4123	-1.0823057	1.4029046	2.6572137
4128	-1.0698054	1.4043238	2.6461134
4133	-1.0567207	1.4059395	2.6344945
4138	-1.0430579	1.4078859	2.6223755
4143	-1.0285329	1.4103345	2.6094418
4148	-1.0130558	1.4133945	2.5955532
4153	-0.9957124	1.4171836	2.5797977
4158	-0.97562546	1.4216667	2.5612245
4163	-0.9514061	1.4268627	2.5382864
4170	-0.92144006	1.4325665	2.5091789
4174	-0.8843994	1.4385941	2.472447
4178	-0.8397323	1.4447832	2.4274375
4183	-0.7867959	1.4509802	2.3733525
4189	-0.72419	1.4570125	2.3086183
4194	-0.6423453	1.463225	2.2233338
4199	-0.56234425	1.4675174	2.1399586
4204	-0.46029133	1.4714164	2.0338993
4209	-0.34535035	1.4740876	1.9150674
4214	-0.21940221	1.4752414	1.7854834
4220	-0.08764753	1.4746901	1.6503315
4224	0.042699672	1.4723034	1.5166602
4229	0.1666106	1.4680762	1.3892462
4234	0.2774707	1.4622045	1.2745464
4240	0.37392864	1.4547441	1.1736782
4244	0.45435217	1.446372	1.088213
4249	0.51990634	1.4373348	1.0170201
4254	0.57275033	1.427964	0.9579821
4259	0.6156718	1.4184722	0.90820175
4264	0.6511098	1.4089248	0.86496615
4270	0.6805031	1.3995413	0.82657367
4274	0.704316	1.3901926	0.7924685
4280	0.72510254	1.3810707	0.7601407
4284	0.7427868	1.3718399	0.72994894
4290	0.758801	1.3628362	0.70093846
4294	0.7728597	1.3537012	0.6739561
4300	0.7844526	1.344325	0.6504887
4304	0.79453486	1.3348145	0.6301446
4310	0.80303603	1.3250922	0.61357796
4314	0.8097704	1.3151487	0.60106945
4321	0.81510365	1.3051533	0.5920291
4325	0.8196583	1.2953333	0.5853849
4330	0.82235074	1.2858123	0.5819775
4335	0.82357764	1.2767404	0.5807524
4340	0.82396734	1.2679579	0.58027023
4345	0.82436115	1.2587315	0.5791761
4350	0.8247649	1.2514765	0.57727355
4355	0.82514703	1.2436419	0.57384574
4360	0.8253517	1.2360187	0.56893456
4365	0.82543397	1.2285268	0.5624177
4371	0.8254003	1.2210003	0.55430615
4375	0.82517576	1.2134159	0.5447723
4380	0.82451916	1.2057089	0.53430474
4385	0.8233289	1.1978369	0.5233795
4390	0.8217467	1.189999	0.5123061
4395	0.81965125	1.1820408	0.50161844
4400	0.8174722	1.1743474	0.49157384
4405	0.8152752	1.1666979	0.48236245
4410	0.8130273	1.1591492	0.4744638
4415	0.81083035	1.1518054	0.46791363
4422	0.8084919	1.14462	0.46283096
4426	0.80605805	1.1376352	0.45891002
4431	0.8036504	1.1309032	0.45566458
4435	0.8011912	1.1244746	0.45285967
4440	0.79851615	1.1183066	0.45047128
4448	0.7947228	1.109778	0.44709542
4451	0.792957	1.1064905	0.44556007
4456	0.79031163	1.101812	0.44314143
4460	0.78746855	1.0971512	0.44010422
4466	0.7845222	1.0928019	0.43652743
4472	0.781524	1.0887908	0.43235004
4476	0.77828324	1.0850177	0.4278092
4481	0.77487344	1.0815896	0.4229493
4486	0.77122456	1.078392	0.41816482
4493	0.76731896	1.0754304	0.41386047
4496	0.7632048	1.0726829	0.41027367
4501	0.7590508	1.0702443	0.4075666
4506	0.75496763	1.0681027	0.40551108
4511	0.7509312	1.0662687	0.4040892
4516	0.7471497	1.0646759	0.40292647
4522	0.7436282	1.0632915	0.4019918
4526	0.740371	1.0621538	0.40126345
4531	0.7373034	1.0612478	0.40070796
4536	0.73439807	1.0606008	0.4002181
4541	0.7315505	1.0601461	0.39972943
4546	0.72878397	1.0598856	0.39912435
4551	0.7260237	1.059761	0.39831364
4556	0.72320276	1.0597659	0.39733598
4562	0.72027975	1.0598408	0.39617923
4567	0.7172623	1.0600524	0.39479557
4573	0.7140739	1.0602429	0.39338315
4577	0.7107722	1.0605586	0.3921107
4587	0.70740557	1.0609432	0.3911225
4591	0.70409846	1.061376	0.3905013
4593	0.70077074	1.0619421	0.39028618
4597	0.697189	1.0627031	0.39052945
4602	0.6943278	1.0634953	0.39104953
4606	0.6911864	1.0645808	0.3920325
4611	0.688084	1.065939	0.39338022
4617	0.68492186	1.0676478	0.3950648
4622	0.6817762	1.069691	0.39689472
4626	0.6785752	1.0721172	0.39887297
4632	0.675449	1.0748712	0.4008202
4637	0.672448	1.077939	0.40258902
4642	0.66957855	1.0812403	0.4041236
4647	0.6668046	1.0847481	0.40551934
4652	0.66413426	1.0883648	0.40688312
4657	0.66154116	1.0920244	0.40833038
4662	0.65890306	1.0957006	0.41001746
4667	0.6561376	1.0993273	0.41201493
4672	0.6532205	1.1028003	0.4143095
4677	0.64997375	1.1061598	0.41698903
4682	0.6462899	1.1093129	0.42007062
4687	0.6421235	1.1121198	0.42355868
4692	0.6373643	1.1145712	0.42755052
4700	0.6297487	1.1175791	0.43397555
4703	0.6260762	1.1184875	0.4371095
4707	0.6205508	1.1199875	0.44186428
4712	0.61457783	1.1215105	0.44711474
4717	0.6086216	1.1230189	0.45242226
4722	0.60248864	1.1245631	0.45795733
4727	0.5962085	1.1260942	0.46370652
4732	0.5898	1.127719	0.46967277
4737	0.58356446	1.1295006	0.47556302
4743	0.57744175	1.131497	0.48143345
4748	0.5713226	1.1337291	0.48731583
4752	0.5653386	1.1360993	0.49291846
4757	0.55936116	1.1386268	0.49820444
4763	0.553514	1.141274	0.5028415
4768	0.54791194	1.1439619	0.50653154
4773	0.5427128	1.1465603	0.5090733
4778	0.5380345	1.1490874	0.51053536
4783	0.533878	1.1515366	0.51115
4788	0.52988625	1.1544178	0.5115204
4793	0.52569395	1.1580359	0.5123513
4799	0.5212731	1.1623588	0.514025
4803	0.51649934	1.1672496	0.51684725
4808	0.5113158	1.1724817	0.52091426
4813	0.50557715	1.1779387	0.52629125
4819	0.4991683	1.1832943	0.5329152
4823	0.49212334	1.188703	0.54055345
4828	0.48488727	1.1942285	0.548592
4833	0.4770125	1.1999075	0.5573832
4838	0.46982914	1.2056681	0.5653375
4844	0.46266454	1.211426	0.57295805
4849	0.45462143	1.2172837	0.5803039
4854	0.44925255	1.221301	0.58440185
4858	0.44225132	1.2258196	0.58949804
4864	0.43447822	1.2301348	0.5946947
4872	0.4258111	1.2345296	0.6004571
4874	0.41653922	1.2390693	0.60715145
4879	0.4066152	1.2439203	0.6151818
4883	0.3963662	1.2490128	0.62439555
4889	0.38645306	1.2540828	0.63411134
4894	0.37681338	1.2590541	0.64421207
4899	0.36739594	1.2638919	0.65461
4904	0.3579913	1.2684844	0.6654639
4908	0.34824693	1.2729578	0.6771663
4913	0.33788532	1.2772399	0.689907
4920	0.32669714	1.2814468	0.70379835
4924	0.3142788	1.2855829	0.7191602
4929	0.3012234	1.2896743	0.7353488
4933	0.2871241	1.293768	0.75287366
4939	0.27222684	1.2977915	0.7714988
4944	0.2569912	1.3017272	0.7910999
4949	0.24219017	1.3054594	0.8110741
4954	0.22846545	1.3090125	0.8305755
4959	0.21617565	1.312382	0.84923875
4964	0.20527484	1.3155988	0.8670961
4971	0.19524734	1.3185495	0.8844878
4975	0.18513854	1.3212914	0.90198886
4980	0.17442596	1.3239592	0.9200521
4984	0.16401349	1.3266841	0.93730927
4990	0.15307309	1.3295585	0.95479983
4995	0.14100201	1.3324577	0.97306263
5000	0.12575777	1.3358063	0.99485
5005	0.113262706	1.3383816	1.0117621
5010	0.097520724	1.3413295	1.031945
5015	0.08110424	1.3442044	1.0521337
5021	0.06374141	1.346952	1.072681
5025	0.045621622	1.3495618	1.0934665
5030	0.026880302	1.3520633	1.1144736
5035	0.0074971034	1.3544672	1.1358624
5040	-0.012498733	1.3568263	1.1577206
5045	-0.032937232	1.3591455	1.1799774
5050	-0.05374487	1.3613317	1.2027144
5055	-0.07447762	1.3634456	1.2256765
5060	-0.0946654	1.3654448	1.2485
5071	-0.11449418	1.3673924	1.2714546
5072	-0.13332847	1.3692405	1.2938207
5075	-0.15176746	1.3709853	1.3162285
5080	-0.1698785	1.3725997	1.338624
5085	-0.18786447	1.3740596	1.3610994
5090	-0.20546548	1.3753401	1.3832132
5095	-0.22253299	1.376407	1.4047278
5101	-0.23930217	1.3772608	1.4259175
5106	-0.25547445	1.3779062	1.4463748
5111	-0.2707724	1.3783299	1.4657542
5116	-0.28567788	1.3785144	1.4847031
5121	-0.2997395	1.3784552	1.5027027
5125	-0.31337544	1.3780739	1.5203068
5131	-0.3265514	1.3774401	1.5375698
5136	-0.33953068	1.3765243	1.5548469
5140	-0.3521484	1.3753414	1.5719959
5146	-0.36466345	1.3741682	1.5892726
5152	-0.3789161	1.3728927	1.60939
5155	-0.3891575	1.3720698	1.6241207
5161	-0.4010869	1.3713182	1.6417162
5166	-0.41327113	1.3707328	1.6598946
5172	-0.4256171	1.3702275	1.6783154
5176	-0.43821397	1.3697106	1.6969665
5181	-0.45094728	1.3691976	1.7155566
5186	-0.46372867	1.3686292	1.7339413
5191	-0.47661045	1.3679343	1.7522473
5196	-0.48950118	1.3671342	1.7704042
5201	-0.50222373	1.3661425	1.7883403
5206	-0.51499546	1.3649383	1.8063554
5211	-0.52733237	1.3636391	1.823887
5216	-0.5395285	1.3622268	1.8414613
5223	-0.5511972	1.360746	1.8585078
5226	-0.56236565	1.3592358	1.8750823
5231	-0.5731161	1.3577769	1.8913159
5236	-0.58380514	1.3563458	1.9076338
5241	-0.59398776	1.3550562	1.9233239
5246	-0.60414356	1.3539062	1.9389838
5251	-0.6143113	1.3528762	1.9544445
5256	-0.6250013	1.3519244	1.9702979
5261	-0.6363328	1.3510422	1.9866807
5266	-0.6484089	1.350121	2.0037334
5272	-0.66109	1.3491819	2.0212505
5277	-0.6744995	1.348157	2.0395067
5282	-0.6880963	1.3470836	2.057863
5286	-0.7018478	1.3459096	2.0764313
5291	-0.71483034	1.3445812	2.094285
5297	-0.7272011	1.3431348	2.1116464
5302	-0.74020576	1.341429	2.1304479
5307	-0.7488969	1.3400942	2.1435013
5312	-0.75822604	1.3385277	2.1580348
5317	-0.7668768	1.3368723	2.1720152
5322	-0.7748068	1.33523	2.1853638
5327	-0.78233016	1.3335919	2.1985695
5332	-0.78948754	1.3320524	2.2115855
5337	-0.7962062	1.3305395	2.2242832
5342	-0.80265385	1.329075	2.2368743
5347	-0.80856067	1.327628	2.248899
5352	-0.8138557	1.3261905	2.260408
5357	-0.8186807	1.3248434	2.2715626
5362	-0.82280916	1.3235152	2.2821972
5367	-0.8264075	1.3222605	2.2925282
5373	-0.82921344	1.3209898	2.3022811
5377	-0.8311696	1.3197466	2.3113606
5382	-0.8322256	1.3185204	2.3197093
5387	-0.83217937	1.3173258	2.3268971
5392	-0.83137316	1.3161501	2.333241
5397	-0.82985306	1.3149465	2.3385613
5402	-0.8280825	1.3137608	2.343118
5407	-0.8261184	1.3124874	2.3468025
5412	-0.8243049	1.3113172	2.349947
5417	-0.82272714	1.3103193	2.352675
5423	-0.8209625	1.3095926	2.3545048
5427	-0.8183898	1.3091642	2.3549438
5433	-0.814568	1.3089545	2.353761
5438	-0.8090463	1.3089237	2.3506765
5443	-0.8019403	1.3093	2.34609
5448	-0.79454285	1.3099467	2.3414502
5453	-0.78404945	1.3115896	2.3351467
5458	-0.77463293	1.3132908	2.3293502
5463	-0.762944	1.3154584	2.3223224
5468	-0.7497914	1.317985	2.3144748
5473	-0.7349251	1.3207457	2.305398
5478	-0.7182835	1.3236942	2.2948573
5483	-0.6991246	1.3268919	2.282173
5488	-0.6776272	1.3303156	2.267226
5493	-0.6528219	1.3340718	2.2491248
5499	-0.62390023	1.3381566	2.2269194
5504	-0.591182	1.3424568	2.2006407
5508	-0.5536078	1.3469528	2.1691875
5513	-0.51150596	1.351485	2.1325974
5518	-0.46455142	1.3559254	2.0904672
5523	-0.41278204	1.3601198	2.042757
5528	-0.3566396	1.3638624	1.9898187
5533	-0.2944618	1.3670281	1.9296762
5538	-0.22820222	1.3694159	1.8643711
5543	-0.1596912	1.3709033	1.7962264
5548	-0.09019148	1.371503	1.7265178
5553	-0.020754367	1.3712605	1.6562558
5558	0.047661744	1.3701432	1.5863464
5563	0.11397818	1.3680876	1.51777
5569	0.1771475	1.3650897	1.4513797
5574	0.23628254	1.3612145	1.3878292
5578	0.29108432	1.3565643	1.327287
5583	0.3412373	1.3512846	1.2701075
5589	0.38694447	1.345565	1.2162122
5594	0.4285931	1.3395311	1.1654605
5600	0.4663556	1.3330361	1.1183463
5605	0.50540036	1.3249443	1.0694969
5609	0.53094137	1.3188887	1.0382452
5614	0.5597519	1.3115708	1.0048118
5619	0.58628255	1.304375	0.9759654
5624	0.61064255	1.2972021	0.9512583
5629	0.63271457	1.2899048	0.9302139
5634	0.6525355	1.2825599	0.9120632
5639	0.6700768	1.2750125	0.89625484
5644	0.6856738	1.2673095	0.88205266
5650	0.69923913	1.2597114	0.8693943
5654	0.71190006	1.2522658	0.85720026
5659	0.72325855	1.2448939	0.84596324
5664	0.73423797	1.2378658	0.83457655
5669	0.7448168	1.2311084	0.8228598
5674	0.7551499	1.2245991	0.81043255
5679	0.7651005	1.218215	0.79728085
5684	0.77477837	1.2120103	0.78335756
5692	0.7843784	1.2058669	0.76862407
5695	0.7937823	1.1998923	0.75361466
5700	0.80291075	1.1937997	0.73862886
5705	0.81157285	1.1876514	0.7243526
5710	0.82006115	1.1815363	0.71079427
5715	0.82833123	1.175415	0.6982306
5720	0.83650565	1.1693369	0.6866101
5725	0.8446556	1.1633693	0.67591584
5730	0.8526678	1.1573843	0.6663217
5735	0.86054176	1.1516498	0.65785563
5740	0.8682201	1.145977	0.6504928
5745	0.8757902	1.1404946	0.64401394
5750	0.8830097	1.1352243	0.63847816
5755	0.89026076	1.1299784	0.6333593
5760	0.8966645	1.1254709	0.62904125
5765	0.9029828	1.1210185	0.62483025
5771	0.90885633	1.1168585	0.6207658
5775	0.9144	1.1129574	0.6165621
5780	0.91962296	1.1093781	0.6120387
5785	0.92451155	1.1060482	0.60713917
5790	0.92909014	1.1029943	0.60191023
5795	0.93332475	1.1001695	0.5965838
5800	0.9371718	1.0975156	0.5914837
5805	0.94070107	1.0949996	0.58681595
5818	0.94405943	1.0926784	0.58266807
5820	0.9473314	1.0905732	0.57913405
5823	0.95062023	1.088616	0.5761722
5832	0.9538893	1.0868771	0.57376915
5834	0.9572179	1.0853446	0.57176846
5837	0.96058804	1.0840365	0.57010084
5841	0.96407545	1.0829146	0.5686742
5846	0.96759725	1.0820162	0.5674086
5851	0.9712931	1.081332	0.5661504
5858	0.9764372	1.0805362	0.5643827
5861	0.9789715	1.0805019	0.5633489
5866	0.98256254	1.0804406	0.56165206
5871	0.9863629	1.0803996	0.5595637
5875	0.9899624	1.0803405	0.55736244
5881	0.99345	1.080215	0.55510366
5886	0.99680877	1.0800242	0.552964
5891	1.0000069	1.0798147	0.5510927
5896	1.0030048	1.0796267	0.5495768
5901	1.0057427	1.0795422	0.5485048
5906	1.0081444	1.0795838	0.5479342
5911	1.0101609	1.079876	0.5478396
5916	1.0117186	1.0804023	0.5482428
5921	1.012735	1.0811895	0.549195
5926	1.0132077	1.0822809	0.55065435
5931	1.0131894	1.0837144	0.5525694
5936	1.0127175	1.085479	0.5549885
5941	1.0118086	1.087563	0.5579681
5946	1.0104992	1.0899673	0.5614906
5951	1.0087204	1.0926613	0.56566846
5956	1.0065283	1.0955805	0.570505
5961	1.0040339	1.0986816	0.5759778
5966	1.0013086	1.1019366	0.58211774
5971	0.99856824	1.1052217	0.58865273
5976	0.9958349	1.1085557	0.59562755
5981	0.993197	1.1118374	0.6029214
5986	0.99088633	1.1149995	0.61027217
5991	0.9888722	1.1179188	0.61764854
5996	0.9872225	1.120625	0.6247874
6002	0.98581856	1.1230774	0.63159525
6007	0.9843017	1.1256821	0.639039
6012	0.98335004	1.1272485	0.6439475
6017	0.9822197	1.1289164	0.6491912
6022	0.9811045	1.1303012	0.65378565
6027	0.9799609	1.1314228	0.657854
6032	0.9789844	1.1322742	0.66129637
6037	0.9783283	1.132814	0.66406447
6042	0.97803324	1.1330694	0.6662801
6047	0.9780596	1.1330512	0.6680777
6052	0.9780783	1.1329064	0.6699288
6057	0.9779614	1.1327652	0.67204696
6062	0.97753626	1.1328422	0.67461187
6067	0.97668695	1.1331433	0.6777526
6072	0.97534615	1.1338701	0.681457
6077	0.97348356	1.1350396	0.6858292
6082	0.9710812	1.1366705	0.6908697
6087	0.96834606	1.1386604	0.6962748
6092	0.9653959	1.1411259	0.70192844
6097	0.96241134	1.1439345	0.7076016
6102	0.95930797	1.1469922	0.7133621
6107	0.95638514	1.1502903	0.7188448
6112	0.95354044	1.1537046	0.724137
6117	0.9506998	1.1572915	0.7293972
6123	0.94782394	1.1609455	0.7346585
6128	0.94468987	1.1646643	0.74025446
6132	0.94114286	1.1684519	0.746409
6138	0.937081	1.1722556	0.7532567
6143	0.931864	1.1762655	0.76162124
6148	0.92571086	1.180441	0.7713269
6154	0.91808474	1.1849995	0.78287643
6160	0.90692526	1.1907829	0.7989071
6163	0.8974082	1.195398	0.8118423
6168	0.88442713	1.2009699	0.8285024
6173	0.8701102	1.2062545	0.8456966
6178	0.8550448	1.2108147	0.8625941
6183	0.83968484	1.2144781	0.8788014
6188	0.82468194	1.2172506	0.8941086
6193	0.8097784	1.2193534	0.9094706
6198	0.79521066	1.2209165	0.92526025
6203	0.78143966	1.2221273	0.9413446
6208	0.76891375	1.223176	0.957333
6213	0.7579639	1.2242742	0.9727281
6219	0.748518	1.2255299	0.98727506
6223	0.73984265	1.2269833	1.001344
6228	0.73155785	1.2287185	1.0148671
6233	0.7232506	1.2306765	1.0281985
6238	0.71485674	1.2328172	1.0412403
6243	0.7060329	1.2351755	1.0544765
6248	0.6967368	1.2377566	1.0680571
6253	0.6871435	1.2405387	1.081857
6258	0.67730176	1.2435433	1.0960281
6263	0.6671276	1.2466561	1.1107507
6270	0.65655375	1.2497121	1.1261834
6274	0.6457751	1.2524813	1.1422148
6278	0.63498354	1.2551639	1.1587598
6283	0.6244905	1.2575102	1.1754506
6289	0.61465335	1.2594795	1.1919026
6294	0.6054158	1.261088	1.2082326
6299	0.59683883	1.2623385	1.2242833
6304	0.5886308	1.2633177	1.2400419
6310	0.57903343	1.264207	1.2583212
6314	0.57156116	1.2648275	1.272114
6319	0.5619815	1.2654809	1.2888446
6324	0.5518416	1.2661471	1.3058568
6329	0.54131174	1.2668245	1.3229569
6334	0.5306087	1.2674872	1.3399918
6339	0.5200414	1.2680756	1.3566482
6344	0.5095632	1.2686019	1.3732511
6349	0.49931815	1.2690585	1.3897327
6355	0.48920774	1.2694486	1.4061776
6359	0.4791172	1.2697608	1.4225981
6364	0.4695927	1.269916	1.4382993
6369	0.46057197	1.2699679	1.4532816
6374	0.4521647	1.2699766	1.4674187
6379	0.4446849	1.2699196	1.4803642
6384	0.43812624	1.2698051	1.4922795
6389	0.4323095	1.2697034	1.5031518
6394	0.42676148	1.2695699	1.5135477
6400	0.42126602	1.2694061	1.5236452
6405	0.41583595	1.2692524	1.5334755
6410	0.41051227	1.2691017	1.5430787
6415	0.4055182	1.2689205	1.5523089
6421	0.40089843	1.2686882	1.5612401
6425	0.39678043	1.2683917	1.5698863
6430	0.39313728	1.2680469	1.5783601
6435	0.39005235	1.2676634	1.5866045
6440	0.38738307	1.26725	1.594827
6445	0.38512146	1.2667799	1.603096
6450	0.38324407	1.266296	1.6114844
6455	0.38161168	1.2657584	1.6201172
6460	0.38014662	1.26513	1.6298479
6465	0.37886167	1.2645379	1.6380117
6470	0.37742367	1.2638067	1.6474695
6475	0.37563235	1.2630051	1.6574155
6480	0.3736257	1.2621199	1.6675676
6485	0.37089056	1.2611583	1.6782877
6490	0.3673647	1.2601799	1.6895087
6495	0.3632084	1.2592365	1.7010796
6500	0.3585348	1.2583493	1.7129865
6505	0.35371757	1.2574751	1.724965
6510	0.3489499	1.2566261	1.7369375
6515	0.34412444	1.2558063	1.7491235
6521	0.33951917	1.2550223	1.7612989
6526	0.33530992	1.2542951	1.7732981
6531	0.33143014	1.2535869	1.7851785
6535	0.3279187	1.25293	1.7968571
6540	0.32478648	1.2522904	1.8082538
6545	0.32192147	1.2517573	1.8194203
6551	0.31934223	1.2512932	1.8302908
6556	0.31680456	1.2509347	1.8410851
6563	0.31299436	1.2505655	1.8567418
6566	0.310651	1.250583	1.8644308
6571	0.307491	1.2505863	1.8749192
6576	0.30340925	1.2506337	1.8869733
6581	0.29867256	1.2507364	1.8995762
6586	0.29331082	1.250862	1.9126159
6591	0.28716162	1.2509828	1.9262784
6596	0.28074473	1.2510804	1.9400297
6601	0.2741918	1.2511575	1.9539487
6606	0.26787055	1.251196	1.9676003
6611	0.2618691	1.2511885	1.9809979
6616	0.25623822	1.2511017	1.9941348
6622	0.25101775	1.2509495	2.0069957
6626	0.2462623	1.2506287	2.0194793
6631	0.24193302	1.2501554	2.0316007
6636	0.23786137	1.249571	2.0435586
6641	0.23397735	1.249007	2.0554376
6646	0.23028012	1.2484438	2.0672388
6652	0.22690696	1.2480258	2.0788305
6656	0.22388	1.2477187	2.0902128
6661	0.2213716	1.2475346	2.101168
6666	0.21944499	1.2474259	2.1115594
6671	0.21806242	1.2473522	2.1213474
6676	0.2174447	1.2473052	2.1302602
6681	0.21782231	1.2472516	2.1380835
6686	0.21935733	1.247178	2.144762
6691	0.22210248	1.2470784	2.150365
6697	0.22574104	1.2469523	2.155227
6701	0.23041004	1.2469139	2.1591575
6707	0.2356439	1.2469008	2.1625142
6712	0.24210958	1.2468444	2.165339
6717	0.24697478	1.2469277	2.167183
6722	0.25253987	1.2470106	2.1691656
6727	0.2577699	1.2471833	2.170955
6732	0.26263666	1.2474785	2.172521
6737	0.26768625	1.248023	2.1732998
6742	0.27252895	1.2486776	2.1737897
6747	0.2777571	1.2495606	2.1735325
6752	0.28467017	1.2509276	2.171535
6757	0.29323128	1.2528356	2.168233
6762	0.3038694	1.2550906	2.1634033
6767	0.3166685	1.2576777	2.1571374
6772	0.33149678	1.2604847	2.1494532
6777	0.34855938	1.2635123	2.1401987
6782	0.36774626	1.2666218	2.12931
6787	0.38900888	1.2697934	2.1166995
6792	0.41258198	1.2729881	2.1020036
6797	0.4387007	1.2762573	2.0848413
6802	0.46759313	1.2796744	2.064854
6807	0.50000405	1.2831522	2.0411627
6812	0.5355748	1.2866766	2.013924
6817	0.5755832	1.2902211	1.981782
6823	0.61871785	1.2935905	1.9455049
6828	0.6658389	1.2967329	1.9042087
6833	0.7167047	1.2994915	1.8580253
6837	0.7702995	1.301679	1.8079276
6843	0.827258	1.3031833	1.7534686
6848	0.8865631	1.3038764	1.6958314
6853	0.9479145	1.3037051	1.6355081
6858	1.009394	1.3026377	1.5745549
6863	1.0809206	1.3002366	1.503223
6868	1.1330558	1.2976395	1.4510132
6873	1.1925297	1.2936757	1.3913182
6878	1.2496403	1.2888384	1.3337816
6883	1.3034718	1.2832936	1.2790469
6888	1.352768	1.2773588	1.2280734
6893	1.3983722	1.2710892	1.1798147
6898	1.4402063	1.2646009	1.1344649
6903	1.4784598	1.2580137	1.09209
6909	1.513627	1.2514951	1.0523443
6914	1.5457857	1.2451444	1.0152934
6920	1.5755677	1.2387707	0.9805253
6924	1.6026905	1.2324511	0.9488233
6928	1.6276493	1.2258966	0.92017794
6933	1.6502436	1.2190025	0.89541566
6938	1.6703871	1.2119247	0.87490267
6943	1.6886066	1.2046212	0.85802907
6948	1.7052568	1.1971662	0.84414476
6953	1.7203684	1.189636	0.83270335
6958	1.7340988	1.1822064	0.82295376
6963	1.7467424	1.1749705	0.81410515
6970	1.7587525	1.1680443	0.8054036
6974	1.7706112	1.1614759	0.7962151
6979	1.7821244	1.1552157	0.7866602
6984	1.7935289	1.1492426	0.7765012
6989	1.8049765	1.1435438	0.7657775
6994	1.8165655	1.1380563	0.7546405
6999	1.8283935	1.1327604	0.7431696
7004	1.8404378	1.127527	0.7315247
7009	1.852544	1.1222857	0.719986
7014	1.8663027	1.1162549	0.70719016
7021	1.8766711	1.1118248	0.69787455
7024	1.8887249	1.1066204	0.6874348
7029	1.9005445	1.1014146	0.6775577
7034	1.9120514	1.0962265	0.6682002
7039	1.9231303	1.0911213	0.65934604
7044	1.9338255	1.0861354	0.6507948
7049	1.9441415	1.0813462	0.6424016
7054	1.9541893	1.0768085	0.63397837
7060	1.9638987	1.0725839	0.6256635
7064	1.9731444	1.0686061	0.6176739
7069	1.9820288	1.0649428	0.60997206
7074	1.9905089	1.0615201	0.6027181
7080	1.9985466	1.0583569	0.59604573
7084	2.0063415	1.0553305	0.58986604
7089	2.0136485	1.0525446	0.58442634
7094	2.0206773	1.0499063	0.5796378
7099	2.0275254	1.0474403	0.57546693
7104	2.0341015	1.0451763	0.57202065
7110	2.040502	1.0430747	0.56927353
7115	2.0466745	1.0411427	0.56717306
7121	2.0526183	1.0394005	0.56559545
7125	2.058316	1.0378854	0.5644478
7130	2.06373	1.0366217	0.56363547
7135	2.0689268	1.0355909	0.56314486
7140	2.0737183	1.0348787	0.56292087
7145	2.0782523	1.0344249	0.5628159
7150	2.0824907	1.0342786	0.5627965
7155	2.0863667	1.0344381	0.56282884
7161	2.0899274	1.034852	0.5629419
7166	2.0936334	1.035531	0.56320137
7172	2.0960104	1.0363084	0.5636239
7175	2.098448	1.0373806	0.5644652
7180	2.1005213	1.0386297	0.56574816
7185	2.1022463	1.0400544	0.5676011
7190	2.1035888	1.0416319	0.57001495
7195	2.1045072	1.0433633	0.5730029
7200	2.1049995	1.0452291	0.57647324
7205	2.1050668	1.0472629	0.5803636
7211	2.1047103	1.049456	0.58463275
7215	2.103875	1.0518266	0.589309
7220	2.102635	1.0543444	0.5942847
7225	2.1010249	1.0570084	0.59948176
7230	2.0990696	1.0597731	0.60484046
7235	2.0968075	1.0625823	0.6102951
7240	2.0942512	1.0653998	0.6158385
7245	2.0914338	1.068204	0.6214995
7251	2.0883512	1.0709597	0.6273835
7255	2.0850267	1.0735202	0.6336089
7261	2.0814738	1.0760747	0.6402888
7266	2.0778742	1.0783988	0.6473228
7272	2.074267	1.0806016	0.65481037
7276	2.0707965	1.082681	0.6627237
7281	2.0675516	1.0846909	0.6710236
7286	2.0645144	1.0866324	0.67966825
7291	2.061595	1.0885669	0.68863755
7296	2.0588686	1.0905097	0.6976905
7301	2.0561023	1.0925386	0.70685244
7306	2.0531013	1.0946655	0.7160409
7311	2.0497298	1.0968844	0.7251629
7316	2.0451815	1.0994531	0.73515296
7321	2.041363	1.1013044	0.7425503
7326	2.0368068	1.1034343	0.7508628
7331	2.0320086	1.1054769	0.7589001
7336	2.0271668	1.1073884	0.7667035
7341	2.022395	1.1091825	0.7744146
7346	2.0179214	1.1108265	0.78193194
7351	2.013869	1.1124141	0.78924596
7356	2.010749	1.1137214	0.7958429
7362	2.0084941	1.1149784	0.80174166
7366	2.0063505	1.1166852	0.80753887
7372	2.0042992	1.1187807	0.81295097
7377	2.0021858	1.1213416	0.8179614
7382	1.999978	1.1243153	0.8223864
7387	1.9977793	1.1276294	0.82603294
7392	1.9955249	1.1312431	0.82907027
7397	1.9932122	1.1350224	0.83167624
7402	1.9904264	1.139066	0.83449215
7407	1.9869229	1.1432106	0.8378898
7412	1.9824369	1.1475228	0.8421987
7417	1.9762595	1.1519341	0.84826046
7422	1.9683104	1.1566999	0.8562464
7427	1.9578435	1.1621174	0.8671147
7432	1.9448346	1.1680514	0.8809264
7437	1.9291846	1.1743821	0.8975881
7442	1.9108744	1.1809423	0.9167264
7447	1.8910983	1.1868012	0.93662846
7452	1.8701557	1.1920629	0.9567551
7457	1.8505404	1.1961486	0.9746834
7462	1.8324342	1.1990626	0.9907095
7468	1.8132659	1.2011425	1.0076717
7472	1.8010061	1.2019447	1.0188179
7477	1.7881687	1.2024394	1.0312107
7482	1.7775905	1.2027551	1.042287
7487	1.7693326	1.2031773	1.0519472
7492	1.7635963	1.203917	1.0599241
7497	1.7602559	1.2050514	1.0662702
7502	1.7590559	1.2066296	1.0711293
7507	1.759446	1.2086475	1.0749205
7513	1.7606775	1.2110952	1.0782094
7520	1.7614145	1.2139343	1.082104
7523	1.7614334	1.2170764	1.0865452
7528	1.7605009	1.2205663	1.0915704
7532	1.7576983	1.2241012	1.0980535
7537	1.7531676	1.2277272	1.1059117
7542	1.7468071	1.2312082	1.1154605
7547	1.7388527	1.2344153	1.1267076
7553	1.7297635	1.2372705	1.1394174
7558	1.7202119	1.2397279	1.1531109
7563	1.7109029	1.2416972	1.167269
7568	1.7023995	1.2431947	1.1815423
7573	1.6952482	1.2442532	1.1953987
7578	1.6893237	1.2449983	1.2091719
7583	1.6844214	1.2454984	1.2227596
7588	1.6798066	1.2459961	1.2368307
7593	1.6752354	1.2465044	1.2513772
7599	1.670563	1.2470473	1.2660697
7603	1.6654942	1.2477251	1.2812133
7609	1.6601149	1.2485474	1.2963793
7614	1.654571	1.249513	1.3113292
7626	1.648008	1.2507197	1.3282856
7629	1.6430007	1.2516773	1.3408344
7638	1.6374586	1.2527672	1.3544863
7641	1.6322085	1.2537949	1.3670564
7643	1.6271985	1.2547302	1.3788003
7646	1.6221155	1.2555552	1.3899481
7654	1.6170444	1.2562052	1.4002452
7656	1.6115266	1.2567668	1.4105456
7658	1.6055523	1.2572042	1.4207844
7667	1.5990816	1.2576032	1.4311612
7671	1.592072	1.2580013	1.4419364
7674	1.5847099	1.2584323	1.4531329
7675	1.5770594	1.2589632	1.4648247
7680	1.5691607	1.2596068	1.4769753
7685	1.5608981	1.2603393	1.4897132
7690	1.5524756	1.261165	1.5027382
7695	1.543914	1.2620828	1.5159606
7700	1.5351179	1.2630637	1.5293962
7705	1.5262394	1.2640557	1.5427965
7711	1.51731	1.2650294	1.5560677
7716	1.5083241	1.2659819	1.569225
7722	1.4994577	1.2668753	1.5820352
7727	1.4907033	1.2677333	1.59464
7732	1.4822258	1.268533	1.6068611
7737	1.4739869	1.2692444	1.6188236
7742	1.4661103	1.2698605	1.630471
7747	1.4585598	1.2703401	1.6419343
7752	1.4513133	1.2707078	1.6533425
7757	1.4442886	1.2709817	1.6648209
7763	1.4375277	1.2712103	1.6762958
7767	1.4308815	1.2713944	1.6878955
7772	1.4244972	1.2715762	1.6992824
7777	1.4180652	1.2716906	1.7108725
7782	1.4116168	1.2717304	1.7224474
7787	1.4050313	1.2717608	1.734098
7793	1.3983092	1.2718447	1.7457772
7798	1.3913467	1.2720149	1.7575579
7803	1.3840213	1.2722838	1.7695421
7808	1.3762734	1.2726389	1.7817621
7813	1.3681955	1.2730525	1.7940722
7818	1.3597815	1.2734896	1.8064171
7823	1.3510015	1.273939	1.8189095
7828	1.3419836	1.2743577	1.8314143
7834	1.3326911	1.274737	1.8440726
7839	1.3231376	1.2750547	1.8569828
7844	1.3133696	1.2752833	1.870185
7849	1.3034953	1.2754477	1.8836082
7854	1.2934533	1.2755299	1.8973455
7859	1.2833229	1.2755333	1.9113196
7864	1.2731696	1.275418	1.9254774
7869	1.2631131	1.2752299	1.9397337
7875	1.2533276	1.2749618	1.9539332
7880	1.2436637	1.274591	1.9682728
7885	1.2343336	1.2741288	1.9822991
7890	1.2253536	1.2735916	1.9958346
7895	1.2164139	1.2729496	2.0091696
7900	1.2077583	1.2722192	2.021906
7905	1.1991584	1.2714021	2.0343838
7910	1.1909401	1.2705641	2.046251
7915	1.183062	1.2697299	2.057656
7921	1.175092	1.2689068	2.0695503
7925	1.1693702	1.2682989	2.078598
7931	1.1631677	1.2676728	2.0886478
7936	1.1577885	1.2671278	2.098126
7941	1.1531571	1.2667409	2.1072714
7946	1.1494274	1.2665302	2.1158333
7951	1.1466104	1.2664695	2.1238644
7956	1.1446781	1.2665858	2.1313314
7961	1.1443123	1.266946	2.137554
7966	1.1451912	1.2675023	2.1425977
7972	1.146429	1.268146	2.1472094
7975	1.1479063	1.2688317	2.151301
7980	1.1499035	1.2695484	2.1544092
7985	1.1523463	1.2703073	2.156748
7990	1.1555874	1.2711596	2.1581378
7995	1.1598035	1.2721181	2.1583602
8000	1.1652051	1.2732838	2.157489
8005	1.1719294	1.2746751	2.1555374
8010	1.1799837	1.276274	2.152592
8015	1.1892965	1.278001	2.1487377
8020	1.1997718	1.2797737	2.1440585
8025	1.211279	1.2815179	2.13846
8030	1.2240627	1.2832772	2.131683
8035	1.2383442	1.2850963	2.1233585
8040	1.2543391	1.2870605	2.1131635
8045	1.2722368	1.2892559	2.1007767
8050	1.2919899	1.291731	2.086079
8055	1.313582	1.2944806	2.0688832
8060	1.3370177	1.2974533	2.0489626
8065	1.3624362	1.300561	2.0259616
8070	1.3903611	1.3037541	1.9992355
8075	1.4205886	1.3069212	1.9689224
8081	1.4542627	1.3100867	1.9338888
8085	1.4909935	1.313102	1.8947164
8090	1.5317384	1.3159715	1.8506552
8095	1.5755566	1.3185188	1.8029757
8100	1.623235	1.320639	1.7510803
8105	1.6745781	1.322138	1.6954112
8110	1.7282597	1.3228036	1.6375535
8116	1.7850636	1.3225485	1.5767181
8121	1.8430129	1.3213269	1.5149553
8126	1.9033594	1.3190938	1.4507338
8132	1.9610581	1.3162212	1.3891125
8137	2.0157936	1.3126667	1.3301026
8142	2.068767	1.3083161	1.2720108
8147	2.117003	1.3036227	1.2176198
8152	2.1602876	1.2988034	1.1669557
8157	2.19943	1.2939287	1.1190265
8162	2.2341108	1.2890877	1.0745032
8167	2.2653213	1.2840718	1.0328377
8172	2.293996	1.2787526	0.99389464
8177	2.3207603	1.2730495	0.95786744
8360	2.3465252	1.2669773	0.92442834
8360	2.3718424	1.2605879	0.89350414
8363	2.3966408	1.2537063	0.86523443
8363	2.419732	1.2464622	0.8406655
8364	2.4404137	1.2389418	0.8201601
8364	2.4581776	1.2314237	0.8037292
8365	2.47472	1.2239658	0.789129
8365	2.4892192	1.2167233	0.77693176
8367	2.5041978	1.2087737	0.7646848
8368	2.515658	1.2023255	0.75541896
8369	2.5275142	1.195442	0.74551105
8369	2.5388324	1.1888527	0.7354295
8371	2.5495203	1.1825694	0.72507644
8371	2.5594575	1.1765789	0.71443063
8372	2.568875	1.1706368	0.7032411
8372	2.5775304	1.1646715	0.6919669
8373	2.5855203	1.1585238	0.6808367
8373	2.592947	1.1522064	0.6701365
8374	2.6000683	1.1456835	0.6599269
8374	2.6065347	1.1390978	0.6509562
8376	2.6127493	1.132423	0.6429509
8376	2.6187496	1.1257336	0.6360057
8377	2.6247582	1.1189373	0.6298946
8377	2.6305604	1.1123422	0.62474656
8377	2.6361914	1.1059704	0.62034154
8378	2.641631	1.099842	0.61647564
8378	2.6467478	1.0940185	0.6130511
8379	2.6515298	1.0885177	0.6098917
8379	2.6559863	1.0833875	0.60686463
8381	2.6602306	1.0786382	0.60376006
8381	2.6642766	1.0742844	0.60052866
8382	2.6680932	1.0703565	0.5971788
8382	2.6717505	1.066796	0.59364945
8383	2.6751263	1.0636446	0.5900992
8383	2.6782122	1.0608807	0.5865838
8384	2.680971	1.0584509	0.583182
8384	2.6833873	1.0563849	0.57995486
8385	2.685432	1.054617	0.5770209
8386	2.6871254	1.0532112	0.5745242
8387	2.6884549	1.0520597	0.57269156
8387	2.6894734	1.051155	0.5717042
8388	2.690289	1.0504919	0.5716202
8391	2.6910024	1.0500838	0.5723488
8396	2.6916976	1.0499489	0.57366467
8401	2.6924176	1.0501117	0.57536656
8406	2.6931984	1.0505757	0.57723147
8411	2.6940663	1.0513287	0.5791176
8416	2.6950104	1.0523366	0.58094406
8421	2.6959665	1.053581	0.58270293
8426	2.6969147	1.0550286	0.58430785
8431	2.6978173	1.0566727	0.58584815
8436	2.6985707	1.0585	0.5874322
8441	2.6991332	1.0604599	0.5889948
8446	2.6994321	1.0625552	0.59059316
8451	2.6994543	1.0647589	0.5921982
8456	2.6991117	1.0670387	0.5939111
8461	2.6983626	1.0693978	0.5957588
8466	2.6972134	1.0717759	0.5977329
8471	2.6956844	1.0741719	0.59986776
8476	2.6937773	1.0765201	0.6022159
8481	2.691435	1.0788777	0.60492796
8486	2.688681	1.0812237	0.6080669
8491	2.6855066	1.0835745	0.6117312
8496	2.6820445	1.0858517	0.6158803
8501	2.678429	1.0880879	0.6204686
8506	2.6748087	1.090259	0.6254367
8511	2.6713116	1.0923362	0.63078165
8516	2.668072	1.0943438	0.63650966
8523	2.6651216	1.0963066	0.64272815
8528	2.662518	1.0981915	0.649386
8533	2.660261	1.1000131	0.6564415
8538	2.658266	1.1017811	0.66384774
8543	2.656411	1.1034788	0.6715823
8548	2.6545362	1.1050806	0.67962414
8553	2.6524813	1.1065683	0.68785834
8559	2.650092	1.1079054	0.6961421
8563	2.6472785	1.1091018	0.7043464
8569	2.6439342	1.1101671	0.7124522
8573	2.6400137	1.1111255	0.72043675
8578	2.635233	1.112008	0.7281756
8583	2.629541	1.1128887	0.73572797
8588	2.6231813	1.113839	0.74333775
8593	2.6164124	1.1149093	0.75095695
8598	2.609576	1.1161691	0.7584937
8603	2.60293	1.1176183	0.76587915
8608	2.5966105	1.1192591	0.7730509
8613	2.5906632	1.1210566	0.77996016
8619	2.5850804	1.1230125	0.78660506
8624	2.579839	1.1251006	0.79303175
8629	2.5748394	1.1272196	0.79941773
8634	2.5700212	1.1292971	0.8058838
8639	2.5651422	1.1311393	0.8127644
8644	2.560109	1.1327813	0.82018447
8649	2.5548234	1.1344407	0.82820106
8654	2.548857	1.1363244	0.83714116
8659	2.541601	1.1385237	0.84741825
8664	2.5325854	1.1412454	0.85930854
8671	2.5215228	1.1447743	0.8729734
8676	2.507577	1.1489661	0.889304
8680	2.4914064	1.15405	0.9075648
8685	2.473566	1.1598574	0.92718613
8693	2.4552822	1.1658041	0.9468556
8696	2.438088	1.1708251	0.9648681
8701	2.422036	1.1747872	0.9810335
8706	2.4074378	1.1776268	0.9949416
8711	2.3948152	1.1793585	1.0061822
8716	2.3835032	1.1803037	1.0156552
8721	2.3729928	1.1808149	1.0240685
8726	2.3629231	1.1813169	1.0319089
8732	2.3535643	1.1822318	1.0390819
8736	2.3453453	1.1839153	1.045408
8741	2.3383882	1.1863301	1.0509671
8746	2.332644	1.1895648	1.0559586
8751	2.3277557	1.1935174	1.0607611
8756	2.323219	1.198079	1.0657171
8764	2.317909	1.2030876	1.071798
8767	2.3122625	1.208523	1.0784203
8771	2.304844	1.2140794	1.0871296
8776	2.2958553	1.2198079	1.0977614
8782	2.284711	1.2252799	1.1110493
8786	2.2719285	1.2303445	1.1264653
8791	2.2577765	1.2350628	1.143786
8796	2.2432456	1.239075	1.1620839
8801	2.2295592	1.2422371	1.1802273
8806	2.217599	1.2445476	1.197555
8811	2.208355	1.2460188	1.2132046
8816	2.2022333	1.2467161	1.2267182
8823	2.1989465	1.2468243	1.2383264
8832	2.19743	1.246654	1.2499282
8842	2.1975238	1.2462947	1.2584611
8842	2.1978254	1.2460309	1.2683073
8843	2.1977868	1.2459685	1.2786785
8847	2.1972346	1.2460835	1.2897042
8852	2.1956832	1.2464838	1.3015021
8857	2.1931515	1.247132	1.3139488
8862	2.1894407	1.2480361	1.3271317
8867	2.1852386	1.2489755	1.3401825
8872	2.1805024	1.2500032	1.3529649
8877	2.1753922	1.2510916	1.3651791
8883	2.1701102	1.2521758	1.3767403
8887	2.164686	1.2532247	1.3875082
8892	2.1590035	1.2542382	1.3977807
8897	2.1530929	1.2551609	1.4074596
8902	2.1468174	1.2559931	1.4168284
8907	2.1402214	1.2567413	1.4258416
8913	2.1334872	1.2574658	1.4344499
8917	2.1269836	1.2581688	1.4424734
8922	2.1207988	1.2589769	1.4501457
8927	2.1151972	1.2598526	1.4574151
8933	2.1098855	1.2607899	1.4647113
8938	2.1048594	1.2617733	1.472028
8943	2.1001096	1.2627923	1.4792858
8948	2.095477	1.2638404	1.486586
8953	2.0908897	1.2649183	1.4939127
8958	2.0863035	1.2660089	1.5012773
8963	2.081344	1.2670873	1.5090797
8968	2.075981	1.2681553	1.5173733
8974	2.070116	1.2692031	1.5262618
8980	2.0629592	1.2703015	1.5368613
8983	2.0565739	1.271068	1.5460107
8988	2.0488017	1.2718453	1.5569899
8993	2.0407758	1.272529	1.5682384
8998	2.0323398	1.2731011	1.5799346
9003	2.0238874	1.273581	1.5916736
9008	2.0155873	1.2739941	1.6032952
9013	2.0076125	1.2743741	1.6146376
9018	2.0000613	1.2747296	1.6256027
9023	1.992883	1.2750762	1.6362505
9028	1.9860364	1.2754463	1.6465923
9033	1.9791912	1.2758983	1.656959
9038	1.9721864	1.2764326	1.6674504
9043	1.9649221	1.2769905	1.6780674
9048	1.9572743	1.2775618	1.6888719
9053	1.949112	1.278154	1.70001
9058	1.940552	1.2787391	1.7113014
9063	1.9314446	1.2793119	1.7229939
9068	1.9218223	1.2798775	1.7351019
9073	1.9118311	1.2804304	1.7475295
9078	1.9014555	1.2809734	1.7603908
9084	1.8905782	1.281539	1.7738938
9089	1.8792968	1.2820969	1.7878901
9094	1.8677026	1.2826513	1.802232
9098	1.8555188	1.2832085	1.8171858
9104	1.8430527	1.2837149	1.8323369
9109	1.8302913	1.284183	1.8477094
9114	1.8174951	1.2845631	1.8630494
9119	1.8045007	1.2848483	1.8786317
9125	1.791654	1.2850345	1.8941013
9134	1.7776632	1.2850981	1.9110389
9134	1.7668799	1.285023	1.9241816
9139	1.7545488	1.2848712	1.9392569
9144	1.742654	1.284574	1.9540071
9149	1.730867	1.2841413	1.9688865
9154	1.7194974	1.2835927	1.9835428
9159	1.7085749	1.2829612	1.9979455
9164	1.6981571	1.2823133	2.0120337
9169	1.6883934	1.281701	2.0256526
9175	1.6795776	1.2811915	2.0387146
9180	1.6717441	1.2808028	2.0510762
9184	1.6643924	1.280451	2.0631354
9189	1.6577196	1.2801485	2.0744185
9194	1.6515825	1.2798795	2.085049
9199	1.6463028	1.279542	2.0945532
9204	1.6417888	1.2791631	2.1031227
9209	1.6380455	1.2787302	2.1108177
9214	1.6350881	1.2783182	2.1175723
9220	1.6328914	1.2779809	2.123352
9225	1.6317067	1.2777908	2.1278431
9230	1.6314427	1.2777411	2.1312492
9235	1.6321033	1.2778429	2.1336865
9240	1.6340168	1.278136	2.1348674
9245	1.6372324	1.278642	2.1348236
9250	1.6417636	1.2793734	2.133583
9255	1.6477653	1.2802801	2.1309922
9260	1.655091	1.2813625	2.1272652
9265	1.663358	1.2825552	2.1226609
9270	1.6723839	1.2838501	2.1172783
9275	1.6822262	1.2852486	2.1109617
9281	1.694212	1.2869544	2.102763
9285	1.7054129	1.2884822	2.0942717
9290	1.7196777	1.290375	2.0828204
9295	1.7358929	1.2924229	2.0689888
9300	1.7540606	1.294622	2.0526206
9305	1.7740794	1.2969717	2.033645
9310	1.7957233	1.2994057	2.012121
9315	1.819371	1.3018956	1.9874786
9320	1.845314	1.3044266	1.9592122
9326	1.8735131	1.3069388	1.9273075
9330	1.9043063	1.3093748	1.8914808
9335	1.9384639	1.3116091	1.8510474
9340	1.9752982	1.3134322	1.8070718
9345	2.014903	1.3148091	1.7596633
9350	2.057209	1.3157091	1.7091104
9355	2.1021342	1.3160828	1.6556906
9360	2.1493943	1.3158691	1.59983
9365	2.1983733	1.3150783	1.5422122
9371	2.248518	1.3137418	1.4834604
9376	2.2989655	1.3119389	1.4245597
9380	2.3497915	1.3096513	1.3653297
9386	2.4003708	1.3068405	1.3063327
9391	2.449217	1.3036058	1.2490274
9396	2.4956417	1.299927	1.1938714
9401	2.5387433	1.29582	1.1415554
9406	2.57817	1.2913759	1.0922291
9411	2.6140728	1.2867173	1.045655
9416	2.6465414	1.2818035	1.0019333
9421	2.6759841	1.2764962	0.9612257
9426	2.703423	1.2707641	0.9232709
9432	2.7320802	1.264006	0.88442075
9436	2.7534018	1.2584361	0.8565374
9441	2.77691	1.2517796	0.82733893
9446	2.799094	1.244987	0.801303
9451	2.820315	1.2380488	0.77773756
9456	2.8400726	1.2309444	0.7568399
9461	2.8581152	1.223672	0.7385944
9466	2.8744524	1.2163066	0.7227549
9471	2.889114	1.2089173	0.7090367
9477	2.902021	1.2015437	0.69728106
9482	2.9130104	1.1943438	0.687414
9486	2.92237	1.1871791	0.67878664
9491	2.929896	1.1802062	0.67123616
9496	2.9361377	1.173423	0.66403896
9501	2.9412904	1.1668136	0.65695137
9506	2.9455712	1.1602411	0.6496701
9512	2.9491022	1.1538004	0.6421086
9517	2.952057	1.1473581	0.63414764
9522	2.9545279	1.1409653	0.6259013
9527	2.956486	1.1344645	0.6178007
9532	2.9583404	1.1279223	0.60992074
9537	2.9601142	1.1213664	0.602567
9542	2.9619515	1.1147925	0.59583426
9547	2.9638376	1.1082722	0.5899077
9552	2.9657888	1.1018076	0.58478034
9557	2.9679282	1.0954567	0.5803667
9562	2.9701123	1.0891001	0.5767389
9567	2.9721193	1.0830644	0.57393587
9572	2.9739707	1.077223	0.5716004
9578	2.9755309	1.0716838	0.56962025
9583	2.9768836	1.0658203	0.56769925
9587	2.9774	1.0618399	0.5666038
9592	2.9775567	1.0575044	0.56544286
9597	2.9771805	1.0536462	0.5643718
9602	2.976335	1.0502466	0.5632532
9607	2.9750817	1.0472744	0.56203574
9612	2.973399	1.0447223	0.56080455
9617	2.9713569	1.0425885	0.55954635
9622	2.9689448	1.040816	0.55834574
9629	2.966164	1.0394369	0.55732894
9632	2.9630961	1.0383911	0.556631
9637	2.9597616	1.0376148	0.5563692
9642	2.9562516	1.0370876	0.5566982
9647	2.9526672	1.0368077	0.5576048
9652	2.9490933	1.0367897	0.55906373
9657	2.9455101	1.0370399	0.56105536
9662	2.942028	1.037554	0.5634581
9667	2.938495	1.0383536	0.5663347
9673	2.9350252	1.0394762	0.5694639
9680	2.9315844	1.0408794	0.5727343
9683	2.9281528	1.0425473	0.5760431
9688	2.9245527	1.044464	0.5794631
9693	2.920831	1.0465913	0.58283156
9701	2.9168403	1.0489687	0.5862201
9703	2.9128208	1.0514506	0.5893593
9708	2.9085233	1.0541755	0.592504
9713	2.9039936	1.0570817	0.5956535
9718	2.899325	1.0600413	0.59883946
9723	2.8944902	1.0629916	0.6021963
9729	2.8894255	1.0659087	0.60588014
9733	2.8841178	1.0687636	0.61001235
9738	2.8787212	1.0714927	0.61455417
9743	2.8731482	1.0741098	0.61955285
9748	2.8674505	1.0767703	0.62491244
9753	2.8616633	1.0794587	0.6306271
9758	2.8558269	1.0822184	0.6366684
9763	2.849991	1.0850348	0.6429688
9768	2.8442488	1.0879653	0.6493984
9773	2.8386142	1.0910026	0.65592533
9779	2.8331242	1.0941797	0.66251653
9783	2.8277578	1.0974522	0.66915387
9788	2.822478	1.1006497	0.6757796
9793	2.8171525	1.1036333	0.6826096
9798	2.811884	1.1062822	0.68961424
9803	2.8065922	1.1085503	0.6969194
9809	2.801141	1.1105282	0.7047828
9814	2.7958066	1.1120908	0.7127947
9819	2.7905138	1.1133455	0.7209296
9824	2.7850227	1.1143545	0.729397
9829	2.779576	1.115076	0.73766625
9834	2.7740397	1.1155767	0.7458902
9839	2.7686462	1.1158756	0.7537907
9844	2.7635775	1.1160176	0.76121086
9849	2.758663	1.1161779	0.7684002
9854	2.7540016	1.1163079	0.7752083
9859	2.7495286	1.1165947	0.78156996
9864	2.74492	1.117202	0.7877208
9869	2.7402382	1.1180167	0.7934171
9874	2.7352712	1.1191448	0.79881245
9880	2.7302332	1.1205269	0.80367565
9885	2.7243102	1.1222405	0.8088467
9889	2.7200162	1.1235471	0.81237406
9894	2.7150047	1.1250186	0.81666416
9899	2.7097864	1.1265968	0.8216791
9904	2.703727	1.1285051	0.82831156
9909	2.6963844	1.1309307	0.83705014
9914	2.6871738	1.134144	0.84843653
9919	2.6761968	1.1381737	0.8621591
9924	2.6632624	1.143175	0.87838066
9930	2.6492207	1.1488621	0.8959234
9935	2.634661	1.1549691	0.91384387
9940	2.62061	1.1610184	0.93058467
9944	2.607949	1.1666722	0.9447846
9950	2.5971994	1.1716486	0.95555955
9955	2.5883179	1.1757526	0.96284896
